[Latitude],[Longitude],[Value]
-77.50,142.62,486
-75.00,141.59,486
-74.46,142.50,486
-72.50,144.94,486
-71.26,147.50,486
-70.00,149.93,486
-69.00,152.50,486
-68.18,155.00,486
-67.50,157.32,486
-66.71,160.00,486
-65.84,162.50,486
-65.00,164.69,486
-64.28,167.50,486
-63.70,170.00,486
-63.24,172.50,486
-62.85,175.00,486
-62.52,177.50,486
-62.36,180.00,486
-62.33,-177.50,486
-62.47,-175.00,486
-62.94,-172.50,486
-63.57,-170.00,486
-64.21,-167.50,486
-64.72,-165.00,486
-65.00,-163.72,486
-65.54,-162.50,486
-67.50,-160.36,486
-68.36,-160.00,486
-70.00,-158.63,486
-70.59,-157.50,486
-71.83,-155.00,486
-72.50,-154.05,486
-75.00,-154.19,486
-75.58,-155.00,486
-76.72,-157.50,486
-77.41,-160.00,486
-77.50,-160.40,486

-52.19,102.50,486
-51.80,105.00,486
-51.35,107.50,486
-51.31,110.00,486
-52.03,112.50,486
-52.50,113.51,486
-53.43,115.00,486
-55.00,116.78,486
-57.50,116.69,486
-60.00,115.34,486
-61.46,112.50,486
-61.78,110.00,486
-61.52,107.50,486
-60.76,105.00,486
-60.00,103.29,486
-59.29,102.50,486
-57.50,100.91,486
-55.00,100.55,486
-52.50,101.52,486
-52.19,102.50,486

-54.76,22.50,486
-54.66,25.00,486
-55.00,26.62,486
-55.30,27.50,486
-56.77,30.00,486
-57.50,31.47,486
-58.78,32.50,486
-59.81,35.00,486
-60.67,35.00,486
-62.50,34.00,486
-65.00,33.67,486
-67.50,34.43,486
-69.71,35.00,486
-70.14,32.50,486
-70.05,30.00,486
-69.78,27.50,486
-69.25,25.00,486
-68.55,22.50,486
-67.64,20.00,486
-65.99,17.50,486
-65.00,16.30,486
-63.96,15.00,486
-62.50,13.60,486
-60.00,13.15,486
-57.50,14.89,486
-56.33,17.50,486
-55.35,20.00,486
-55.00,21.16,486
-54.76,22.50,486

-73.89,60.00,486
-73.85,62.50,486
-74.33,65.00,486
-75.00,66.65,486
-75.52,65.00,486
-75.74,62.50,486
-75.53,60.00,486
-75.00,57.69,486
-73.89,60.00,486

-77.50,46.47,492
-77.22,45.00,492
-76.76,42.50,492
-76.29,40.00,492
-75.81,37.50,492
-75.25,35.00,492
-75.00,34.05,492
-74.75,32.50,492
-74.31,30.00,492
-73.85,27.50,492
-73.26,25.00,492
-72.50,22.66,492
-71.70,20.00,492
-70.71,17.50,492
-70.00,16.18,492
-69.27,15.00,492
-67.57,12.50,492
-65.00,10.03,492
-62.50,8.86,492
-60.00,8.55,492
-57.50,9.80,492
-56.17,12.50,492
-55.03,15.00,492
-54.28,17.50,492
-53.68,20.00,492
-53.30,22.50,492
-53.34,25.00,492
-53.87,27.50,492
-54.75,30.00,492
-55.00,30.71,492
-55.87,32.50,492
-56.46,35.00,492
-56.71,37.50,492
-57.50,38.28,492
-60.00,39.31,492
-61.37,40.00,492
-62.50,40.95,492
-65.00,42.27,492
-66.07,45.00,492
-66.66,47.50,492
-67.05,50.00,492
-67.36,52.50,492
-67.50,54.58,492
-68.03,57.50,492
-68.44,60.00,492
-69.02,62.50,492
-69.67,65.00,492
-70.00,65.89,492
-70.59,67.50,492
-71.97,70.00,492
-72.50,70.75,492
-73.61,72.50,492
-75.00,74.16,492
-76.88,72.50,492
-77.50,71.53,492

-77.50,127.29,492
-75.00,129.93,492
-73.64,132.50,492
-72.50,134.97,492
-71.57,137.50,492
-70.76,140.00,492
-70.00,142.01,492
-69.16,145.00,492
-68.17,147.50,492
-67.50,148.99,492
-67.29,150.00,492
-66.81,152.50,492
-66.22,155.00,492
-65.34,157.50,492
-65.00,158.37,492
-64.64,160.00,492
-64.07,162.50,492
-63.40,165.00,492
-62.72,167.50,492
-62.50,168.52,492
-62.24,170.00,492
-61.87,172.50,492
-61.57,175.00,492
-61.37,177.50,492
-61.27,180.00,492
-61.27,-177.50,492
-61.39,-175.00,492
-61.67,-172.50,492
-62.11,-170.00,492
-62.50,-168.06,492
-63.12,-165.00,492
-63.43,-162.50,492
-64.58,-160.00,492
-65.00,-159.37,492
-66.47,-157.50,492
-67.50,-155.69,492
-67.98,-155.00,492
-69.09,-152.50,492
-70.00,-150.50,492
-70.47,-150.00,492
-72.50,-148.20,492
-75.00,-147.66,492
-75.73,-147.50,492
-77.50,-146.69,492

-49.49,105.00,492
-49.33,107.50,492
-49.45,110.00,492
-49.89,112.50,492
-51.01,115.00,492
-52.48,117.50,492
-55.00,119.38,492
-57.50,119.92,492
-60.00,119.65,492
-61.91,117.50,492
-62.50,116.52,492
-63.09,115.00,492
-63.62,112.50,492
-63.79,110.00,492
-63.62,107.50,492
-63.16,105.00,492
-62.50,103.18,492
-62.24,102.50,492
-61.07,100.00,492
-60.00,98.28,492
-59.21,97.50,492
-57.50,95.69,492
-55.00,95.42,492
-52.50,96.93,492
-52.09,97.50,492
-50.82,100.00,492
-50.05,102.50,492
-49.49,105.00,492

-59.72,82.50,492
-58.37,85.00,492
-58.03,87.50,492
-58.94,90.00,492
-60.00,90.69,492
-62.50,90.69,492
-63.42,90.00,492
-64.25,87.50,492
-63.74,85.00,492
-62.50,83.99,492
-60.85,82.50,492
-60.00,82.19,492
-59.72,82.50,492

-62.21,-85.00,492
-62.33,-82.50,492
-63.17,-82.50,492
-63.04,-85.00,492
-62.50,-85.74,492
-62.21,-85.00,492

-77.50,16.82,498
-76.16,15.00,498
-75.00,13.96,498
-74.04,12.50,498
-72.50,10.09,498
-71.28,7.50,498
-70.07,5.00,498
-67.50,3.38,498
-65.00,3.32,498
-62.50,3.71,498
-60.00,4.12,498
-57.50,4.92,498
-55.71,7.50,498
-55.00,9.02,498
-54.76,10.00,498
-54.14,12.50,498
-53.47,15.00,498
-52.78,17.50,498
-52.50,18.60,498
-52.15,20.00,498
-51.86,22.50,498
-51.99,25.00,498
-52.50,27.27,498
-53.19,30.00,498
-53.95,32.50,498
-54.41,35.00,498
-54.35,37.50,498
-55.00,38.68,498
-56.36,40.00,498
-57.50,40.77,498
-60.00,42.25,498
-62.20,45.00,498
-62.50,45.54,498
-63.63,47.50,498
-64.31,50.00,498
-64.63,52.50,498
-64.72,55.00,498
-64.67,57.50,498
-64.58,60.00,498
-64.44,62.50,498
-64.27,65.00,498
-64.19,67.50,498
-64.25,70.00,498
-64.31,72.50,498
-63.12,75.00,498
-62.50,75.34,498
-60.00,77.25,498
-57.50,79.66,498
-57.21,80.00,498
-55.18,82.50,498
-53.05,85.00,498
-52.50,85.79,498
-50.64,87.50,498
-50.00,89.99,498
-49.37,92.50,498
-48.93,95.00,498
-48.66,97.50,498
-48.20,100.00,498
-47.83,102.50,498
-47.87,105.00,498
-47.98,107.50,498
-48.13,110.00,498
-48.50,112.50,498
-49.25,115.00,498
-50.00,117.06,498
-50.26,117.50,498
-52.50,119.74,498
-52.84,120.00,498
-55.00,121.60,498
-56.69,122.50,498
-57.50,123.16,498
-60.00,123.71,498
-61.60,122.50,498
-62.50,121.64,498
-64.05,120.00,498
-65.00,117.96,498
-66.37,117.50,498
-67.48,115.00,498
-67.75,117.50,498
-68.08,120.00,498
-68.40,122.50,498
-68.70,125.00,498
-68.86,127.50,498
-68.95,130.00,498
-68.95,132.50,498
-68.81,135.00,498
-68.58,137.50,498
-68.13,140.00,498
-67.50,142.45,498
-67.05,145.00,498
-66.55,147.50,498
-66.04,150.00,498
-65.43,152.50,498
-65.00,153.83,498
-64.69,155.00,498
-64.05,157.50,498
-63.43,160.00,498
-62.69,162.50,498
-62.50,163.12,498
-62.02,165.00,498
-61.46,167.50,498
-60.98,170.00,498
-60.62,172.50,498
-60.37,175.00,498
-60.23,177.50,498
-60.18,180.00,498
-60.21,-177.50,498
-60.30,-175.00,498
-60.51,-172.50,498
-60.81,-170.00,498
-61.17,-167.50,498
-61.52,-165.00,498
-61.57,-162.50,498
-62.11,-160.00,498
-62.50,-159.36,498
-63.71,-157.50,498
-65.00,-155.23,498
-66.23,-152.50,498
-66.84,-150.00,498
-67.50,-147.56,498
-68.62,-145.00,498
-69.82,-142.50,498
-72.50,-140.12,498
-75.00,-138.93,498
-75.83,-137.50,498
-77.12,-135.00,498
-77.50,-134.25,498

-77.50,89.57,498
-75.46,90.00,498
-75.00,90.42,498
-74.51,92.50,498
-74.45,95.00,498
-74.29,97.50,498
-74.16,100.00,498
-74.15,102.50,498
-74.17,105.00,498
-74.42,107.50,498
-75.00,109.26,498
-76.71,107.50,498
-77.50,106.81,498

-77.50,-102.58,498
-76.91,-102.50,498
-75.00,-102.35,498
-72.50,-101.23,498
-71.19,-100.00,498
-70.00,-98.30,498
-69.61,-97.50,498
-69.08,-95.00,498
-68.74,-92.50,498
-67.69,-90.00,498
-65.00,-91.96,498
-64.22,-92.50,498
-62.50,-93.31,498
-61.57,-92.50,498
-60.00,-90.85,498
-59.64,-90.00,498
-59.02,-87.50,498
-58.94,-85.00,498
-59.46,-82.50,498
-60.00,-81.07,498
-60.84,-80.00,498
-62.50,-77.58,498
-64.11,-75.00,498
-65.00,-73.01,498
-65.98,-70.00,498
-67.15,-67.50,498
-67.50,-67.07,498
-70.00,-66.88,498
-70.64,-67.50,498
-71.32,-70.00,498
-72.02,-72.50,498
-72.25,-75.00,498
-72.50,-76.32,498
-73.98,-77.50,498
-75.00,-77.93,498
-75.34,-77.50,498
-77.18,-75.00,498
-77.50,-74.60,498

-67.49,105.00,498
-67.49,105.00,498

-77.50,1.43,504
-76.13,2.50,504
-75.00,3.08,504
-74.49,2.50,504
-72.50,1.15,504
-71.49,0.00,504

-77.50,-52.51,504
-77.06,-55.00,504
-76.46,-57.50,504
-75.94,-60.00,504
-75.03,-62.50,504
-73.74,-60.00,504
-72.61,-57.50,504
-71.88,-57.50,504
-70.00,-58.25,504
-69.61,-60.00,504
-67.50,-62.07,504
-65.34,-65.00,504
-65.00,-65.44,504
-64.00,-67.50,504
-62.79,-70.00,504
-62.50,-70.63,504
-61.92,-72.50,504
-60.98,-75.00,504
-60.00,-77.18,504
-58.88,-80.00,504
-58.07,-82.50,504
-57.50,-84.37,504
-57.27,-85.00,504
-57.05,-87.50,504
-57.35,-90.00,504
-58.36,-92.50,504
-59.86,-95.00,504
-62.48,-97.50,504
-65.00,-99.20,504
-65.73,-100.00,504
-67.50,-101.80,504
-68.08,-102.50,504
-70.00,-104.91,504
-71.71,-107.50,504
-72.50,-109.38,504
-72.91,-110.00,504
-74.18,-112.50,504
-75.00,-114.49,504
-75.54,-117.50,504
-75.55,-120.00,504
-75.31,-122.50,504
-75.00,-124.24,504
-74.46,-125.00,504
-72.50,-126.31,504
-70.48,-125.00,504
-70.00,-124.77,504
-67.50,-124.37,504
-67.16,-125.00,504
-66.04,-127.50,504
-65.46,-130.00,504
-65.39,-132.50,504
-65.72,-135.00,504
-66.15,-137.50,504
-66.22,-140.00,504
-65.82,-142.50,504
-65.17,-145.00,504
-65.00,-145.68,504
-64.59,-147.50,504
-64.16,-150.00,504
-63.62,-152.50,504
-62.61,-155.00,504
-61.14,-157.50,504
-60.00,-159.49,504
-59.77,-160.00,504
-59.79,-162.50,504
-59.94,-165.00,504
-59.76,-167.50,504
-59.59,-170.00,504
-59.37,-172.50,504
-59.17,-175.00,504
-59.00,-177.50,504
-58.84,180.00,504
-58.87,177.50,504
-59.05,175.00,504
-59.32,172.50,504
-59.71,170.00,504
-60.00,168.70,504
-60.24,167.50,504
-60.85,165.00,504
-61.51,162.50,504
-62.21,160.00,504
-62.50,159.03,504
-62.92,157.50,504
-63.54,155.00,504
-64.17,152.50,504
-64.79,150.00,504
-65.00,148.99,504
-65.30,147.50,504
-65.74,145.00,504
-66.11,142.50,504
-66.42,140.00,504
-66.66,137.50,504
-66.72,135.00,504
-66.65,132.50,504
-66.35,130.00,504
-65.73,127.50,504
-65.00,125.82,504
-62.50,125.76,504
-60.00,126.85,504
-57.50,126.54,504
-56.43,125.00,504
-55.00,123.75,504
-53.53,122.50,504
-52.50,121.70,504
-50.58,120.00,504
-50.00,119.42,504
-48.91,117.50,504
-47.84,115.00,504
-47.50,113.85,504
-47.12,112.50,504
-46.71,110.00,504
-46.45,107.50,504
-46.07,105.00,504
-45.84,102.50,504
-46.20,100.00,504
-46.38,97.50,504
-46.60,95.00,504
-46.69,92.50,504
-46.86,90.00,504
-47.18,87.50,504
-47.50,85.95,504
-47.88,85.00,504
-49.30,82.50,504
-50.00,81.23,504
-51.81,80.00,504
-52.50,79.41,504
-54.49,77.50,504
-55.00,76.93,504
-56.50,75.00,504
-57.50,73.47,504
-58.16,72.50,504
-59.54,70.00,504
-60.00,68.94,504
-60.67,67.50,504
-61.55,65.00,504
-62.14,62.50,504
-62.50,60.40,504
-62.82,57.50,504
-62.84,55.00,504
-62.59,52.50,504
-62.04,50.00,504
-61.06,47.50,504
-60.00,45.77,504
-59.19,45.00,504
-57.50,43.59,504
-56.55,42.50,504
-55.00,41.38,504
-53.55,40.00,504
-52.50,37.88,504
-52.48,35.00,504
-52.17,32.50,504
-51.59,30.00,504
-50.95,27.50,504
-50.58,25.00,504
-50.46,22.50,504
-50.65,20.00,504
-51.18,17.50,504
-51.85,15.00,504
-52.44,12.50,504
-52.89,10.00,504
-53.34,7.50,504
-53.92,5.00,504
-54.70,2.50,504
-55.00,1.87,504
-57.20,0.00,504

-71.49,0.00,504
-70.00,-1.26,504
-67.50,-2.12,504
-65.00,-2.07,504
-62.50,-1.44,504
-60.00,-0.54,504
-57.50,-0.20,504
-57.20,0.00,504

-53.71,0.00,510
-55.00,-1.76,510
-56.05,-2.50,510
-57.50,-3.37,510
-60.00,-4.10,510
-62.50,-4.90,510
-62.85,-5.00,510
-65.00,-5.59,510
-67.50,-5.88,510
-70.00,-5.44,510
-72.50,-5.05,510
-74.37,-7.50,510
-74.86,-10.00,510
-74.93,-12.50,510
-74.99,-15.00,510
-75.08,-17.50,510
-75.03,-20.00,510
-74.84,-22.50,510
-74.41,-25.00,510
-73.56,-27.50,510
-72.50,-29.14,510
-72.23,-30.00,510
-70.66,-32.50,510
-70.00,-33.06,510
-69.45,-35.00,510
-68.89,-37.50,510
-68.54,-40.00,510
-68.35,-42.50,510
-68.21,-45.00,510
-68.02,-47.50,510
-67.68,-50.00,510
-67.50,-50.85,510
-67.30,-52.50,510
-66.83,-55.00,510
-66.27,-57.50,510
-65.00,-59.82,510
-64.07,-62.50,510
-62.95,-65.00,510
-62.50,-65.83,510
-61.88,-67.50,510
-60.91,-70.00,510
-60.00,-72.08,510
-58.94,-75.00,510
-58.10,-77.50,510
-57.50,-79.32,510
-57.27,-80.00,510
-56.46,-82.50,510
-55.62,-85.00,510
-55.18,-87.50,510
-55.29,-90.00,510
-55.98,-92.50,510
-57.32,-95.00,510
-59.04,-97.50,510
-60.00,-98.57,510
-61.52,-100.00,510
-62.50,-100.93,510
-64.21,-102.50,510
-65.00,-103.47,510
-66.23,-105.00,510
-67.42,-107.50,510
-68.14,-110.00,510
-68.44,-112.50,510
-68.18,-115.00,510
-67.50,-116.53,510
-67.22,-117.50,510
-66.02,-120.00,510
-65.00,-121.76,510
-64.78,-122.50,510
-64.12,-125.00,510
-63.59,-127.50,510
-63.17,-130.00,510
-62.83,-132.50,510
-62.84,-135.00,510
-63.23,-137.50,510
-63.45,-140.00,510
-63.21,-142.50,510
-62.70,-145.00,510
-62.50,-145.74,510
-61.96,-147.50,510
-61.23,-150.00,510
-60.78,-152.50,510
-60.04,-155.00,510
-58.70,-157.50,510
-57.81,-160.00,510
-58.32,-162.50,510
-58.61,-165.00,510
-58.57,-167.50,510
-58.46,-170.00,510
-58.24,-172.50,510
-58.02,-175.00,510
-57.76,-177.50,510
-57.50,-179.61,510
-57.46,177.50,510
-57.68,175.00,510
-57.99,172.50,510
-58.36,170.00,510
-58.90,167.50,510
-59.62,165.00,510
-60.00,163.84,510
-60.35,162.50,510
-61.01,160.00,510
-61.70,157.50,510
-62.38,155.00,510
-62.96,152.50,510
-63.51,150.00,510
-64.01,147.50,510
-64.42,145.00,510
-64.73,142.50,510
-64.93,140.00,510
-65.00,137.80,510
-64.90,135.00,510
-64.41,132.50,510
-62.95,130.00,510
-62.50,129.61,510
-60.00,129.40,510
-57.50,129.42,510
-56.19,127.50,510
-55.00,125.96,510
-54.13,125.00,510
-52.50,123.58,510
-51.42,122.50,510
-50.00,121.21,510
-49.00,120.00,510
-47.68,117.50,510
-46.45,115.00,510
-45.76,112.50,510
-45.20,110.00,510
-45.00,108.60,510
-44.79,107.50,510
-44.24,105.00,510
-44.13,102.50,510
-44.49,100.00,510
-44.61,97.50,510
-44.73,95.00,510
-44.87,92.50,510
-45.00,91.10,510
-45.15,90.00,510
-45.78,87.50,510
-46.51,85.00,510
-47.36,82.50,510
-49.03,80.00,510
-50.00,78.39,510
-50.96,77.50,510
-52.50,75.68,510
-53.14,75.00,510
-55.00,72.74,510
-57.08,70.00,510
-57.50,69.31,510
-58.64,67.50,510
-59.69,65.00,510
-60.00,63.97,510
-60.46,62.50,510
-60.90,60.00,510
-61.09,57.50,510
-61.01,55.00,510
-60.66,52.50,510
-60.00,50.24,510
-58.28,47.50,510
-57.50,46.75,510
-56.01,45.00,510
-55.00,43.87,510
-53.84,42.50,510
-52.50,41.23,510
-51.67,40.00,510
-50.79,37.50,510
-50.69,35.00,510
-50.44,32.50,510
-50.00,30.27,510
-49.35,27.50,510
-48.98,25.00,510
-48.98,22.50,510
-49.16,20.00,510
-49.58,17.50,510
-50.00,15.46,510
-50.60,12.50,510
-50.95,10.00,510
-51.23,7.50,510
-51.68,5.00,510
-52.50,2.70,510
-53.71,0.00,510

-50.98,0.00,516
-52.50,-1.89,516
-52.91,-2.50,516
-55.00,-4.50,516
-55.86,-5.00,516
-57.50,-5.84,516
-60.00,-6.75,516
-62.03,-7.50,516
-62.50,-7.73,516
-65.00,-8.92,516
-67.50,-9.88,516
-69.50,-12.50,516
-69.92,-15.00,516
-70.00,-16.39,516
-70.06,-17.50,516
-70.09,-20.00,516
-70.00,-22.40,516
-69.88,-25.00,516
-69.58,-27.50,516
-69.07,-30.00,516
-68.39,-32.50,516
-67.68,-35.00,516
-67.20,-37.50,516
-66.97,-40.00,516
-66.81,-42.50,516
-66.68,-45.00,516
-66.46,-47.50,516
-66.10,-50.00,516
-65.52,-52.50,516
-65.00,-54.16,516
-64.80,-55.00,516
-64.15,-57.50,516
-63.15,-60.00,516
-62.50,-61.56,516
-62.23,-62.50,516
-61.41,-65.00,516
-60.34,-67.50,516
-60.00,-68.29,516
-59.36,-70.00,516
-58.32,-72.50,516
-57.50,-74.48,516
-57.29,-75.00,516
-56.36,-77.50,516
-55.45,-80.00,516
-55.00,-81.48,516
-54.63,-82.50,516
-53.79,-85.00,516
-53.31,-87.50,516
-53.14,-90.00,516
-53.27,-92.50,516
-54.12,-95.00,516
-55.00,-96.18,516
-55.88,-97.50,516
-57.50,-99.08,516
-58.31,-100.00,516
-60.00,-101.66,516
-60.88,-102.50,516
-62.50,-104.34,516
-63.05,-105.00,516
-64.41,-107.50,516
-65.00,-109.74,516
-65.26,-112.50,516
-65.00,-114.23,516
-64.91,-115.00,516
-64.33,-117.50,516
-63.58,-120.00,516
-62.79,-122.50,516
-62.50,-123.57,516
-62.16,-125.00,516
-61.67,-127.50,516
-61.18,-130.00,516
-60.78,-132.50,516
-60.43,-135.00,516
-60.15,-137.50,516
-60.00,-140.00,516
-59.82,-142.50,516
-59.53,-145.00,516
-59.12,-147.50,516
-58.42,-150.00,516
-58.18,-152.50,516
-57.83,-155.00,516
-57.50,-155.58,516
-56.83,-157.50,516
-56.55,-160.00,516
-56.98,-162.50,516
-57.29,-165.00,516
-57.37,-167.50,516
-57.32,-170.00,516
-57.10,-172.50,516
-56.90,-175.00,516
-56.68,-177.50,516
-56.49,180.00,516
-56.43,177.50,516
-56.47,175.00,516
-56.60,172.50,516
-56.91,170.00,516
-57.50,167.61,516
-58.19,165.00,516
-58.96,162.50,516
-59.74,160.00,516
-60.00,159.13,516
-60.41,157.50,516
-61.05,155.00,516
-61.67,152.50,516
-62.21,150.00,516
-62.50,148.56,516
-62.70,147.50,516
-63.10,145.00,516
-63.35,142.50,516
-63.40,140.00,516
-63.22,137.50,516
-62.68,135.00,516
-60.78,132.50,516
-60.00,132.07,516
-57.50,131.46,516
-56.11,130.00,516
-55.00,128.38,516
-54.38,127.50,516
-52.50,125.46,516
-52.04,125.00,516
-50.00,122.95,516
-49.63,122.50,516
-47.62,120.00,516
-46.22,117.50,516
-45.05,115.00,516
-43.96,112.50,516
-43.23,110.00,516
-42.72,107.50,516
-42.50,105.59,516
-42.45,105.00,516
-42.50,104.15,516
-42.60,102.50,516
-42.80,100.00,516
-43.19,97.50,516
-43.47,95.00,516
-43.71,92.50,516
-44.02,90.00,516
-44.58,87.50,516
-45.00,86.04,516
-45.37,85.00,516
-46.40,82.50,516
-47.50,80.15,516
-49.31,77.50,516
-50.00,76.52,516
-51.39,75.00,516
-52.50,73.57,516
-53.46,72.50,516
-55.00,70.47,516
-55.37,70.00,516
-56.92,67.50,516
-57.50,66.24,516
-58.07,65.00,516
-58.82,62.50,516
-59.21,60.00,516
-59.33,57.50,516
-59.14,55.00,516
-58.58,52.50,516
-57.50,50.22,516
-55.52,47.50,516
-55.00,46.89,516
-53.78,45.00,516
-52.50,43.53,516
-51.76,42.50,516
-50.14,40.00,516
-49.38,37.50,516
-49.13,35.00,516
-48.85,32.50,516
-48.40,30.00,516
-47.76,27.50,516
-47.50,26.18,516
-47.30,25.00,516
-47.47,22.50,516
-47.69,20.00,516
-48.04,17.50,516
-48.47,15.00,516
-48.79,12.50,516
-48.89,10.00,516
-48.58,7.50,516
-48.51,5.00,516
-49.76,2.50,516
-50.98,0.00,516

-44.19,0.00,522
-44.81,-2.50,522
-45.00,-3.00,522
-46.39,-5.00,522
-47.50,-6.38,522
-49.47,-5.00,522
-50.00,-4.71,522
-50.50,-5.00,522
-52.50,-5.61,522
-55.00,-7.06,522
-55.94,-7.50,522
-57.50,-8.25,522
-60.00,-9.53,522
-60.83,-10.00,522
-62.50,-11.73,522
-63.29,-12.50,522
-64.63,-15.00,522
-65.00,-15.81,522
-65.74,-17.50,522
-66.64,-20.00,522
-67.28,-22.50,522
-67.50,-24.13,522
-67.59,-25.00,522
-67.52,-27.50,522
-67.20,-30.00,522
-66.78,-32.50,522
-66.41,-35.00,522
-66.12,-37.50,522
-65.92,-40.00,522
-65.75,-42.50,522
-65.54,-45.00,522
-65.18,-47.50,522
-65.00,-48.38,522
-64.65,-50.00,522
-64.10,-52.50,522
-63.45,-55.00,522
-62.53,-57.50,522
-61.74,-60.00,522
-60.98,-62.50,522
-60.04,-65.00,522
-59.02,-67.50,522
-58.02,-70.00,522
-57.50,-71.14,522
-56.85,-72.50,522
-55.79,-75.00,522
-55.00,-76.80,522
-54.65,-77.50,522
-53.54,-80.00,522
-52.50,-82.43,522
-51.48,-85.00,522
-50.90,-87.50,522
-50.67,-90.00,522
-50.70,-92.50,522
-50.88,-95.00,522
-51.53,-97.50,522
-52.50,-98.83,522
-54.02,-100.00,522
-55.00,-100.54,522
-57.50,-102.43,522
-60.00,-104.95,522
-61.67,-107.50,522
-62.50,-109.82,522
-62.90,-112.50,522
-62.76,-115.00,522
-62.50,-116.39,522
-62.32,-117.50,522
-61.72,-120.00,522
-61.06,-122.50,522
-60.44,-125.00,522
-60.00,-126.83,522
-59.82,-127.50,522
-59.20,-130.00,522
-58.55,-132.50,522
-58.03,-135.00,522
-57.50,-137.11,522
-56.48,-140.00,522
-55.82,-142.50,522
-55.65,-145.00,522
-55.93,-147.50,522
-55.69,-150.00,522
-55.81,-152.50,522
-55.96,-155.00,522
-55.46,-157.50,522
-55.42,-160.00,522
-55.82,-162.50,522
-56.04,-165.00,522
-56.09,-167.50,522
-56.06,-170.00,522
-55.93,-172.50,522
-55.80,-175.00,522
-55.65,-177.50,522
-55.52,180.00,522
-55.40,177.50,522
-55.28,175.00,522
-55.20,172.50,522
-55.29,170.00,522
-55.66,167.50,522
-56.40,165.00,522
-57.44,162.50,522
-58.18,160.00,522
-58.92,157.50,522
-59.67,155.00,522
-60.00,153.82,522
-60.32,152.50,522
-60.81,150.00,522
-61.28,147.50,522
-61.65,145.00,522
-61.84,142.50,522
-61.68,140.00,522
-61.09,137.50,522
-60.00,135.51,522
-59.60,135.00,522
-57.50,133.54,522
-56.40,132.50,522
-55.00,131.00,522
-54.32,130.00,522
-52.55,127.50,522
-50.03,125.00,522
-47.98,122.50,522
-47.50,121.90,522
-46.22,120.00,522
-45.00,117.94,522
-44.75,117.50,522
-43.21,115.00,522
-42.50,113.74,522
-42.05,112.50,522
-41.58,110.00,522
-41.21,107.50,522
-41.02,105.00,522
-41.08,102.50,522
-41.33,100.00,522
-41.81,97.50,522
-42.21,95.00,522
-42.50,92.92,522
-42.94,90.00,522
-43.62,87.50,522
-44.39,85.00,522
-45.00,83.50,522
-45.44,82.50,522
-46.63,80.00,522
-47.50,78.53,522
-48.22,77.50,522
-49.96,75.00,522
-51.94,72.50,522
-52.50,71.68,522
-53.80,70.00,522
-55.00,68.01,522
-55.32,67.50,522
-56.45,65.00,522
-57.17,62.50,522
-57.49,60.00,522
-57.50,58.27,522
-57.50,57.50,522
-57.16,55.00,522
-56.30,52.50,522
-55.00,50.36,522
-53.27,47.50,522
-52.50,46.26,522
-51.86,45.00,522
-50.10,42.50,522
-48.88,40.00,522
-48.15,37.50,522
-47.70,35.00,522
-47.50,33.71,522
-47.33,32.50,522
-46.92,30.00,522
-46.37,27.50,522
-45.95,25.00,522
-45.87,22.50,522
-46.01,20.00,522
-46.34,17.50,522
-46.67,15.00,522
-46.82,12.50,522
-46.39,10.00,522
-45.00,8.71,522
-43.96,7.50,522
-42.97,5.00,522
-43.16,2.50,522
-44.19,0.00,522

-40.59,0.00,528
-41.45,-2.50,528
-42.50,-4.90,528
-43.82,-7.50,528
-45.00,-9.83,528
-47.50,-11.37,528
-49.54,-10.00,528
-50.00,-9.62,528
-52.50,-9.01,528
-55.00,-9.71,528
-55.62,-10.00,528
-57.50,-11.07,528
-59.23,-12.50,528
-60.00,-13.65,528
-60.76,-15.00,528
-61.88,-17.50,528
-62.50,-18.78,528
-63.12,-20.00,528
-64.26,-22.50,528
-65.00,-24.53,528
-65.41,-27.50,528
-65.42,-30.00,528
-65.34,-32.50,528
-65.21,-35.00,528
-65.04,-37.50,528
-64.75,-40.00,528
-64.47,-42.50,528
-64.16,-45.00,528
-63.74,-47.50,528
-63.31,-50.00,528
-62.82,-52.50,528
-62.50,-53.65,528
-62.03,-55.00,528
-61.23,-57.50,528
-60.54,-60.00,528
-60.00,-61.70,528
-59.66,-62.50,528
-58.69,-65.00,528
-57.77,-67.50,528
-57.50,-68.14,528
-56.57,-70.00,528
-55.45,-72.50,528
-55.00,-73.52,528
-54.16,-75.00,528
-52.95,-77.50,528
-52.50,-78.41,528
-51.40,-80.00,528
-50.00,-82.35,528
-47.50,-84.88,528
-47.06,-85.00,528
-45.00,-86.62,528
-44.33,-87.50,528
-45.00,-88.10,528
-46.30,-90.00,528
-46.95,-92.50,528
-47.50,-94.55,528
-48.23,-97.50,528
-49.24,-100.00,528
-50.00,-101.07,528
-51.82,-102.50,528
-52.50,-102.86,528
-55.00,-103.93,528
-56.49,-105.00,528
-57.50,-105.87,528
-58.79,-107.50,528
-60.00,-109.98,528
-60.57,-112.50,528
-60.66,-115.00,528
-60.41,-117.50,528
-60.00,-119.72,528
-59.29,-122.50,528
-58.60,-125.00,528
-57.90,-127.50,528
-57.50,-128.81,528
-57.11,-130.00,528
-56.25,-132.50,528
-55.38,-135.00,528
-55.00,-136.17,528
-54.57,-137.50,528
-53.72,-140.00,528
-52.99,-142.50,528
-52.53,-145.00,528
-52.62,-147.50,528
-52.80,-150.00,528
-53.20,-152.50,528
-54.00,-155.00,528
-53.97,-157.50,528
-54.11,-160.00,528
-54.52,-162.50,528
-54.71,-165.00,528
-54.75,-167.50,528
-54.74,-170.00,528
-54.70,-172.50,528
-54.63,-175.00,528
-54.52,-177.50,528
-54.42,180.00,528
-54.25,177.50,528
-54.08,175.00,528
-53.99,172.50,528
-53.99,170.00,528
-54.10,167.50,528
-54.39,165.00,528
-55.00,162.90,528
-56.20,160.00,528
-57.28,157.50,528
-57.50,156.99,528
-58.09,155.00,528
-58.75,152.50,528
-59.28,150.00,528
-59.79,147.50,528
-60.00,145.93,528
-60.10,145.00,528
-60.10,142.50,528
-60.00,141.78,528
-59.67,140.00,528
-58.56,137.50,528
-57.50,136.22,528
-56.48,135.00,528
-55.00,133.61,528
-54.12,132.50,528
-52.50,130.00,528
-50.25,127.50,528
-48.19,125.00,528
-47.50,124.13,528
-46.41,122.50,528
-45.00,120.30,528
-43.37,117.50,528
-42.50,116.24,528
-41.85,115.00,528
-40.85,112.50,528
-40.13,110.00,528
-40.00,109.10,528
-39.84,107.50,528
-39.70,105.00,528
-39.69,102.50,528
-39.93,100.00,528
-40.47,97.50,528
-40.92,95.00,528
-41.42,92.50,528
-41.91,90.00,528
-42.50,88.09,528
-42.67,87.50,528
-43.49,85.00,528
-44.46,82.50,528
-45.00,81.43,528
-45.69,80.00,528
-47.11,77.50,528
-47.50,76.90,528
-48.79,75.00,528
-50.00,73.26,528
-50.60,72.50,528
-52.27,70.00,528
-52.50,69.59,528
-53.70,67.50,528
-54.79,65.00,528
-55.00,64.18,528
-55.42,62.50,528
-55.69,60.00,528
-55.59,57.50,528
-55.08,55.00,528
-54.05,52.50,528
-52.71,50.00,528
-51.38,47.50,528
-50.11,45.00,528
-48.75,42.50,528
-47.66,40.00,528
-47.50,39.46,528
-46.96,37.50,528
-46.44,35.00,528
-46.00,32.50,528
-45.54,30.00,528
-45.03,27.50,528
-44.55,25.00,528
-44.28,22.50,528
-44.22,20.00,528
-44.39,17.50,528
-44.53,15.00,528
-44.35,12.50,528
-43.51,10.00,528
-42.50,8.80,528
-41.66,7.50,528
-40.53,5.00,528
-40.27,2.50,528
-40.59,0.00,528

-38.25,0.00,534
-38.97,-2.50,534
-40.00,-4.84,534
-41.19,-7.50,534
-42.47,-10.00,534
-44.14,-12.50,534
-45.00,-13.43,534
-47.50,-14.54,534
-50.00,-13.37,534
-52.50,-12.50,534
-55.00,-13.10,534
-57.29,-15.00,534
-58.56,-17.50,534
-59.68,-20.00,534
-60.00,-20.65,534
-60.89,-22.50,534
-61.86,-25.00,534
-62.49,-27.50,534
-62.65,-30.00,534
-62.60,-32.50,534
-62.52,-35.00,534
-62.61,-37.50,534
-62.73,-40.00,534
-62.72,-42.50,534
-62.55,-45.00,534
-62.01,-47.50,534
-61.50,-50.00,534
-60.97,-52.50,534
-60.43,-55.00,534
-60.00,-57.11,534
-58.89,-60.00,534
-58.08,-62.50,534
-57.50,-64.41,534
-57.22,-65.00,534
-56.04,-67.50,534
-55.04,-70.00,534
-53.54,-72.50,534
-52.50,-74.68,534
-50.41,-77.50,534
-50.00,-78.15,534
-47.91,-80.00,534
-47.50,-80.39,534
-45.00,-81.34,534
-42.50,-81.44,534
-40.00,-82.15,534
-39.51,-82.50,534
-38.03,-85.00,534
-38.74,-87.50,534
-40.00,-89.23,534
-40.70,-90.00,534
-42.50,-92.36,534
-43.76,-95.00,534
-44.84,-97.50,534
-46.00,-100.00,534
-47.31,-102.50,534
-50.00,-104.87,534
-52.50,-105.97,534
-55.00,-107.30,534
-57.11,-110.00,534
-57.50,-111.01,534
-57.95,-112.50,534
-58.35,-115.00,534
-58.30,-117.50,534
-57.95,-120.00,534
-57.50,-121.97,534
-56.65,-125.00,534
-55.86,-127.50,534
-55.01,-130.00,534
-53.94,-132.50,534
-52.89,-135.00,534
-52.50,-136.02,534
-51.85,-137.50,534
-51.02,-140.00,534
-50.31,-142.50,534
-50.00,-143.53,534
-49.60,-145.00,534
-49.27,-147.50,534
-49.31,-150.00,534
-50.00,-152.40,534
-51.74,-155.00,534
-52.36,-157.50,534
-52.50,-158.25,534
-52.70,-160.00,534
-52.91,-162.50,534
-53.03,-165.00,534
-53.09,-167.50,534
-53.14,-170.00,534
-53.19,-172.50,534
-53.24,-175.00,534
-53.22,-177.50,534
-53.15,180.00,534
-53.01,177.50,534
-52.88,175.00,534
-52.81,172.50,534
-52.77,170.00,534
-52.71,167.50,534
-52.60,165.00,534
-52.58,162.50,534
-53.25,160.00,534
-54.89,157.50,534
-55.98,155.00,534
-56.93,152.50,534
-57.50,150.29,534
-57.92,147.50,534
-58.14,145.00,534
-57.99,142.50,534
-57.50,140.59,534
-57.31,140.00,534
-55.89,137.50,534
-55.00,136.45,534
-53.93,135.00,534
-52.50,133.12,534
-52.08,132.50,534
-50.11,130.00,534
-48.28,127.50,534
-47.50,126.51,534
-46.51,125.00,534
-45.00,122.68,534
-43.40,120.00,534
-42.50,118.42,534
-42.06,117.50,534
-40.80,115.00,534
-40.00,113.20,534
-39.72,112.50,534
-39.17,110.00,534
-38.87,107.50,534
-38.66,105.00,534
-38.61,102.50,534
-38.79,100.00,534
-39.23,97.50,534
-39.69,95.00,534
-40.00,93.69,534
-40.29,92.50,534
-40.92,90.00,534
-41.65,87.50,534
-42.50,85.27,534
-43.48,82.50,534
-44.67,80.00,534
-45.00,79.42,534
-46.00,77.50,534
-47.50,75.16,534
-49.19,72.50,534
-50.00,71.12,534
-50.70,70.00,534
-52.00,67.50,534
-52.50,66.24,534
-52.97,65.00,534
-53.61,62.50,534
-53.84,60.00,534
-53.67,57.50,534
-53.00,55.00,534
-52.50,53.77,534
-52.08,52.50,534
-50.95,50.00,534
-50.00,48.21,534
-49.70,47.50,534
-48.67,45.00,534
-47.50,42.65,534
-46.55,40.00,534
-45.82,37.50,534
-45.22,35.00,534
-45.00,33.94,534
-44.67,32.50,534
-44.09,30.00,534
-43.52,27.50,534
-43.05,25.00,534
-42.69,22.50,534
-42.50,21.18,534
-42.29,20.00,534
-41.95,17.50,534
-41.79,15.00,534
-41.70,12.50,534
-40.99,10.00,534
-40.00,8.28,534
-39.67,7.50,534
-38.63,5.00,534
-38.17,2.50,534
-38.25,0.00,534

70.52,0.00,534
70.99,-2.50,534
71.38,-5.00,534
71.72,-7.50,534
72.14,-10.00,534
72.50,-11.90,534
73.33,-15.00,534
74.08,-17.50,534
74.93,-20.00,534
77.08,-22.50,534
77.50,-23.07,534

77.50,3.70,534
76.50,5.00,534
75.00,6.67,534
74.17,7.50,534
72.50,9.42,534
70.00,9.20,534
69.12,7.50,534
69.31,5.00,534
69.86,2.50,534
70.52,0.00,534

-36.15,0.00,540
-36.69,-2.50,540
-37.50,-4.62,540
-37.65,-5.00,540
-38.71,-7.50,540
-40.00,-9.86,540
-41.74,-12.50,540
-42.50,-13.57,540
-43.83,-15.00,540
-45.00,-16.10,540
-47.50,-17.16,540
-50.00,-16.95,540
-52.50,-16.74,540
-53.98,-17.50,540
-55.00,-18.28,540
-55.97,-20.00,540
-57.42,-22.50,540
-58.41,-25.00,540
-58.96,-27.50,540
-59.23,-30.00,540
-59.27,-32.50,540
-59.20,-35.00,540
-59.15,-37.50,540
-59.06,-40.00,540
-58.98,-42.50,540
-58.77,-45.00,540
-58.23,-47.50,540
-57.50,-49.40,540
-57.35,-50.00,540
-56.79,-52.50,540
-56.27,-55.00,540
-56.11,-57.50,540
-55.96,-60.00,540
-55.43,-62.50,540
-55.00,-64.08,540
-54.55,-65.00,540
-53.23,-67.50,540
-52.50,-69.00,540
-51.91,-70.00,540
-50.24,-72.50,540
-47.78,-75.00,540
-45.00,-76.81,540
-42.65,-77.50,540
-40.00,-78.43,540
-37.50,-79.29,540
-36.16,-80.00,540
-35.03,-82.50,540
-34.83,-85.00,540
-35.00,-86.31,540
-35.17,-87.50,540
-36.51,-90.00,540
-37.50,-91.10,540
-38.74,-92.50,540
-40.00,-94.29,540
-40.43,-95.00,540
-41.55,-97.50,540
-42.50,-99.71,540
-44.21,-102.50,540
-45.00,-103.66,540
-46.04,-105.00,540
-47.50,-106.38,540
-49.35,-107.50,540
-50.00,-107.95,540
-52.50,-109.43,540
-53.22,-110.00,540
-54.89,-112.50,540
-55.48,-115.00,540
-55.73,-117.50,540
-55.61,-120.00,540
-55.22,-122.50,540
-55.00,-123.39,540
-54.47,-125.00,540
-53.50,-127.50,540
-52.57,-130.00,540
-51.01,-132.50,540
-50.00,-134.87,540
-48.61,-137.50,540
-47.84,-140.00,540
-47.50,-142.01,540
-47.39,-142.50,540
-47.10,-145.00,540
-46.88,-147.50,540
-47.04,-150.00,540
-47.50,-151.13,540
-48.08,-152.50,540
-49.33,-155.00,540
-50.00,-157.06,540
-50.63,-160.00,540
-50.87,-162.50,540
-50.88,-165.00,540
-50.77,-167.50,540
-50.79,-170.00,540
-51.07,-172.50,540
-51.42,-175.00,540
-51.61,-177.50,540
-51.62,180.00,540
-51.52,177.50,540
-51.42,175.00,540
-51.33,172.50,540
-51.17,170.00,540
-50.96,167.50,540
-50.79,165.00,540
-50.63,162.50,540
-50.53,160.00,540
-50.70,157.50,540
-52.18,155.00,540
-52.50,154.73,540
-54.01,152.50,540
-55.00,150.50,540
-55.55,147.50,540
-55.75,145.00,540
-55.51,142.50,540
-55.00,140.92,540
-54.67,140.00,540
-53.24,137.50,540
-52.50,136.45,540
-51.58,135.00,540
-50.00,132.57,540
-48.19,130.00,540
-47.50,129.05,540
-46.50,127.50,540
-45.00,125.15,540
-43.43,122.50,540
-42.50,120.91,540
-42.01,120.00,540
-40.86,117.50,540
-40.00,115.63,540
-39.72,115.00,540
-38.78,112.50,540
-38.25,110.00,540
-37.89,107.50,540
-37.62,105.00,540
-37.52,102.50,540
-37.66,100.00,540
-38.06,97.50,540
-38.57,95.00,540
-39.16,92.50,540
-39.91,90.00,540
-40.60,87.50,540
-41.42,85.00,540
-42.50,82.50,540
-43.46,80.00,540
-44.83,77.50,540
-46.18,75.00,540
-47.50,72.82,540
-48.99,70.00,540
-50.00,67.77,540
-51.16,65.00,540
-51.76,62.50,540
-51.93,60.00,540
-51.75,57.50,540
-51.15,55.00,540
-50.41,52.50,540
-50.00,51.62,540
-49.35,50.00,540
-48.31,47.50,540
-47.50,45.58,540
-47.29,45.00,540
-46.33,42.50,540
-45.46,40.00,540
-45.00,38.52,540
-44.68,37.50,540
-44.01,35.00,540
-43.33,32.50,540
-42.60,30.00,540
-42.50,29.56,540
-42.03,27.50,540
-41.48,25.00,540
-40.97,22.50,540
-40.39,20.00,540
-40.00,18.66,540
-39.71,17.50,540
-39.30,15.00,540
-39.16,12.50,540
-38.59,10.00,540
-37.87,7.50,540
-37.50,6.59,540
-36.87,5.00,540
-36.28,2.50,540
-36.15,0.00,540

66.21,0.00,540
66.59,-2.50,540
66.88,-5.00,540
67.28,-7.50,540
67.50,-9.04,540
67.65,-10.00,540
68.09,-12.50,540
68.42,-15.00,540
68.74,-17.50,540
68.92,-20.00,540
69.09,-22.50,540
69.14,-25.00,540
69.26,-27.50,540
69.29,-30.00,540
69.43,-32.50,540
69.46,-35.00,540
69.60,-37.50,540
69.65,-40.00,540
69.76,-42.50,540
70.00,-44.58,540
71.10,-47.50,540
72.50,-48.08,540
73.75,-47.50,540
75.00,-46.66,540
77.50,-45.51,540

77.50,-125.97,540
77.23,-127.50,540
76.86,-130.00,540
76.55,-132.50,540
76.29,-135.00,540
76.12,-137.50,540
76.15,-140.00,540
76.45,-142.50,540
77.03,-145.00,540
77.50,-146.61,540

77.50,12.01,540
76.97,12.50,540
75.00,14.23,540
74.41,15.00,540
72.50,17.26,540
71.70,17.50,540
70.00,18.20,540
68.05,17.50,540
67.50,17.32,540
66.76,17.50,540
65.00,17.92,540
64.76,15.00,540
64.74,12.50,540
64.70,10.00,540
64.80,7.50,540
65.00,5.85,540
65.16,5.00,540
65.75,2.50,540
66.21,0.00,540

57.73,-35.00,540
57.50,-36.92,540
57.73,-35.00,540

-37.10,-135.00,540
-37.19,-132.50,540
-37.50,-132.04,540
-40.00,-131.72,540
-42.50,-131.87,540
-42.90,-132.50,540
-42.50,-134.92,540
-40.00,-136.33,540
-37.50,-135.66,540
-37.10,-135.00,540

-34.16,0.00,546
-34.46,-2.50,546
-35.00,-4.26,546
-35.27,-5.00,546
-36.46,-7.50,546
-37.50,-9.18,546
-38.01,-10.00,546
-39.77,-12.50,546
-40.00,-12.82,546
-41.53,-15.00,546
-42.50,-16.20,546
-43.89,-17.50,546
-45.00,-18.54,546
-47.50,-19.81,546
-48.19,-20.00,546
-50.00,-20.77,546
-52.50,-22.27,546
-54.59,-25.00,546
-55.00,-26.00,546
-55.49,-27.50,546
-56.16,-30.00,546
-56.58,-32.50,546
-56.82,-35.00,546
-56.78,-37.50,546
-56.54,-40.00,546
-56.22,-42.50,546
-55.70,-45.00,546
-55.00,-47.45,546
-53.95,-50.00,546
-52.65,-52.50,546
-51.03,-55.00,546
-50.00,-56.22,546
-48.99,-57.50,546
-47.50,-59.26,546
-47.09,-60.00,546
-46.52,-62.50,546
-46.78,-65.00,546
-46.84,-67.50,546
-45.14,-70.00,546
-43.02,-72.50,546
-42.50,-72.98,546
-40.61,-75.00,546
-40.00,-75.30,546
-37.50,-76.74,546
-36.34,-77.50,546
-35.00,-78.26,546
-33.66,-80.00,546
-32.50,-82.14,546
-32.09,-85.00,546
-32.23,-87.50,546
-32.50,-88.46,546
-33.21,-90.00,546
-34.87,-92.50,546
-37.19,-95.00,546
-37.50,-95.40,546
-38.75,-97.50,546
-40.00,-99.69,546
-41.56,-102.50,546
-42.50,-103.91,546
-43.28,-105.00,546
-45.00,-107.14,546
-45.39,-107.50,546
-47.50,-109.49,546
-48.22,-110.00,546
-50.00,-111.80,546
-50.72,-112.50,546
-51.74,-115.00,546
-52.04,-117.50,546
-52.07,-120.00,546
-51.59,-122.50,546
-50.25,-125.00,546
-47.50,-126.34,546
-45.00,-126.17,546
-42.50,-125.48,546
-40.00,-126.17,546
-38.19,-127.50,546
-37.50,-128.10,546
-36.04,-130.00,546
-35.00,-131.82,546
-34.74,-132.50,546
-34.48,-135.00,546
-35.00,-136.73,546
-35.37,-137.50,546
-37.50,-139.70,546
-38.28,-140.00,546
-40.00,-141.77,546
-40.92,-142.50,546
-42.50,-144.69,546
-43.99,-147.50,546
-45.00,-149.12,546
-45.17,-150.00,546
-46.01,-152.50,546
-47.16,-155.00,546
-47.50,-155.88,546
-48.03,-157.50,546
-48.43,-160.00,546
-48.56,-162.50,546
-48.51,-165.00,546
-48.44,-167.50,546
-48.40,-170.00,546
-48.32,-172.50,546
-48.83,-175.00,546
-49.47,-177.50,546
-49.75,180.00,546
-49.82,177.50,546
-49.82,175.00,546
-49.69,172.50,546
-49.34,170.00,546
-48.99,167.50,546
-48.51,165.00,546
-47.66,162.50,546
-46.30,160.00,546
-45.00,157.51,546
-42.50,155.70,546
-41.69,155.00,546
-40.00,154.23,546
-38.45,152.50,546
-37.50,151.23,546
-36.93,150.00,546
-36.88,147.50,546
-37.50,146.26,546
-39.53,145.00,546
-40.00,144.47,546
-42.50,142.88,546
-45.00,144.09,546
-46.08,145.00,546
-47.50,146.56,546
-49.11,147.50,546
-50.00,148.08,546
-50.62,147.50,546
-52.10,145.00,546
-52.25,142.50,546
-51.46,140.00,546
-50.35,137.50,546
-50.00,136.83,546
-49.06,135.00,546
-47.81,132.50,546
-47.50,132.04,546
-46.25,130.00,546
-45.00,127.85,546
-43.33,125.00,546
-42.50,123.52,546
-41.91,122.50,546
-40.68,120.00,546
-40.00,118.38,546
-39.59,117.50,546
-38.56,115.00,546
-37.84,112.50,546
-37.50,110.83,546
-37.25,110.00,546
-36.74,107.50,546
-36.44,105.00,546
-36.35,102.50,546
-36.48,100.00,546
-36.84,97.50,546
-37.45,95.00,546
-38.03,92.50,546
-38.65,90.00,546
-39.40,87.50,546
-40.00,85.74,546
-40.21,85.00,546
-41.05,82.50,546
-42.15,80.00,546
-42.50,79.23,546
-43.24,77.50,546
-44.61,75.00,546
-45.00,74.24,546
-45.85,72.50,546
-47.12,70.00,546
-47.50,69.20,546
-48.23,67.50,546
-49.28,65.00,546
-49.87,62.50,546
-49.98,60.00,546
-49.84,57.50,546
-49.42,55.00,546
-48.80,52.50,546
-47.91,50.00,546
-47.50,48.98,546
-46.98,47.50,546
-46.12,45.00,546
-45.21,42.50,546
-45.00,41.89,546
-44.34,40.00,546
-43.55,37.50,546
-42.81,35.00,546
-42.50,33.99,546
-42.03,32.50,546
-41.30,30.00,546
-40.57,27.50,546
-40.00,25.46,546
-39.88,25.00,546
-39.34,22.50,546
-38.74,20.00,546
-38.09,17.50,546
-37.50,15.23,546
-36.94,12.50,546
-36.38,10.00,546
-35.71,7.50,546
-35.16,5.00,546
-35.00,4.41,546
-34.45,2.50,546
-34.16,0.00,546

61.71,0.00,546
62.01,-2.50,546
62.50,-4.99,546
63.22,-7.50,546
64.01,-10.00,546
64.85,-12.50,546
65.42,-15.00,546
65.76,-17.50,546
65.88,-20.00,546
65.91,-22.50,546
65.82,-25.00,546
65.67,-27.50,546
65.47,-30.00,546
65.17,-32.50,546
65.00,-34.72,546
64.82,-37.50,546
65.00,-39.11,546
65.07,-40.00,546
64.78,-42.50,546
64.54,-45.00,546
64.10,-47.50,546
63.48,-50.00,546
63.37,-52.50,546
63.57,-55.00,546
63.97,-57.50,546
65.00,-59.27,546
67.50,-59.97,546
70.00,-59.54,546
72.50,-58.06,546
75.00,-57.94,546
75.75,-60.00,546
76.17,-62.50,546
76.44,-65.00,546
76.54,-67.50,546
76.62,-70.00,546
76.75,-72.50,546
76.87,-75.00,546
77.04,-77.50,546
77.31,-80.00,546
77.50,-81.71,546

77.50,-111.27,546
76.89,-115.00,546
76.41,-117.50,546
75.91,-120.00,546
75.38,-122.50,546
75.00,-124.37,546
74.12,-127.50,546
73.53,-130.00,546
73.13,-132.50,546
72.95,-135.00,546
72.88,-137.50,546
72.83,-140.00,546
72.79,-142.50,546
72.80,-145.00,546
72.92,-147.50,546
73.24,-150.00,546
73.86,-152.50,546
74.77,-155.00,546
75.53,-157.50,546
76.17,-160.00,546
76.79,-162.50,546
77.40,-165.00,546
77.50,-165.45,546

77.50,20.55,546
75.77,22.50,546
75.00,23.68,546
74.21,25.00,546
73.29,27.50,546
72.58,30.00,546
70.00,30.68,546
68.96,30.00,546
67.50,29.36,546
65.00,28.01,546
64.03,25.00,546
62.50,22.80,546
62.20,20.00,546
62.31,17.50,546
62.42,15.00,546
62.47,12.50,546
62.46,10.00,546
62.38,7.50,546
62.21,5.00,546
61.86,2.50,546
61.71,0.00,546

63.58,155.00,546
62.92,157.50,546
62.50,157.67,546
60.00,155.29,546
60.00,154.60,546
62.50,153.26,546
63.58,155.00,546

61.16,-37.50,546
61.28,-35.00,546
60.00,-32.96,546
59.58,-32.50,546
57.50,-31.62,546
57.05,-32.50,546
56.27,-35.00,546
56.33,-37.50,546
57.10,-40.00,546
57.50,-41.01,546
59.87,-40.00,546
61.16,-37.50,546

-32.33,0.00,552
-32.48,-2.50,552
-33.32,-5.00,552
-34.49,-7.50,552
-35.00,-8.34,552
-36.06,-10.00,552
-37.50,-12.22,552
-39.46,-15.00,552
-40.00,-15.74,552
-41.36,-17.50,552
-42.50,-18.93,552
-43.65,-20.00,552
-45.00,-21.34,552
-46.85,-22.50,552
-47.50,-23.00,552
-50.00,-24.98,552
-51.82,-27.50,552
-52.50,-29.08,552
-52.86,-30.00,552
-53.67,-32.50,552
-54.10,-35.00,552
-53.98,-37.50,552
-53.85,-40.00,552
-53.51,-42.50,552
-52.70,-45.00,552
-52.50,-45.51,552
-51.74,-47.50,552
-50.71,-50.00,552
-50.00,-51.24,552
-49.19,-52.50,552
-47.51,-55.00,552
-45.78,-57.50,552
-45.00,-58.86,552
-44.42,-60.00,552
-43.56,-62.50,552
-42.54,-65.00,552
-41.59,-67.50,552
-40.30,-70.00,552
-40.00,-70.50,552
-38.54,-72.50,552
-37.50,-73.52,552
-36.24,-75.00,552
-35.00,-75.85,552
-33.85,-77.50,552
-32.50,-79.23,552
-32.08,-80.00,552
-31.13,-82.50,552
-30.52,-85.00,552
-30.38,-87.50,552
-31.03,-90.00,552
-31.98,-92.50,552
-32.50,-93.75,552
-33.47,-95.00,552
-35.00,-97.05,552
-35.35,-97.50,552
-37.44,-100.00,552
-39.05,-102.50,552
-40.00,-103.75,552
-40.83,-105.00,552
-42.50,-107.35,552
-44.53,-110.00,552
-45.00,-110.81,552
-46.20,-112.50,552
-46.79,-115.00,552
-46.46,-117.50,552
-45.00,-119.33,552
-44.36,-120.00,552
-42.50,-121.17,552
-41.20,-122.50,552
-40.00,-123.15,552
-37.50,-124.99,552
-35.13,-127.50,552
-33.57,-130.00,552
-32.58,-132.50,552
-32.50,-133.17,552
-32.29,-135.00,552
-32.50,-137.09,552
-32.55,-137.50,552
-33.40,-140.00,552
-34.29,-142.50,552
-35.00,-144.28,552
-35.43,-145.00,552
-36.38,-147.50,552
-37.50,-149.09,552
-38.54,-150.00,552
-40.00,-151.01,552
-42.18,-152.50,552
-42.50,-152.74,552
-44.20,-155.00,552
-45.00,-156.42,552
-45.34,-157.50,552
-45.65,-160.00,552
-45.64,-162.50,552
-45.73,-165.00,552
-45.81,-167.50,552
-45.82,-170.00,552
-45.92,-172.50,552
-46.24,-175.00,552
-46.88,-177.50,552
-47.50,-179.95,552
-47.80,177.50,552
-47.85,175.00,552
-47.73,172.50,552
-47.50,171.24,552
-47.19,170.00,552
-46.52,167.50,552
-45.49,165.00,552
-45.00,164.17,552
-43.98,162.50,552
-42.50,160.23,552
-40.69,157.50,552
-40.00,156.88,552
-38.51,155.00,552
-37.50,153.86,552
-36.68,152.50,552
-35.70,150.00,552
-35.00,147.89,552
-34.86,147.50,552
-35.00,145.57,552
-35.11,145.00,552
-36.81,142.50,552
-37.50,141.49,552
-39.04,140.00,552
-40.00,139.22,552
-42.50,137.87,552
-43.59,137.50,552
-45.00,136.26,552
-45.44,135.00,552
-45.11,132.50,552
-43.99,130.00,552
-42.80,127.50,552
-42.50,126.90,552
-41.48,125.00,552
-40.29,122.50,552
-40.00,121.83,552
-39.09,120.00,552
-38.10,117.50,552
-37.50,115.46,552
-37.33,115.00,552
-36.48,112.50,552
-35.85,110.00,552
-35.47,107.50,552
-35.24,105.00,552
-35.18,102.50,552
-35.30,100.00,552
-35.58,97.50,552
-36.01,95.00,552
-36.62,92.50,552
-37.34,90.00,552
-37.50,89.47,552
-37.97,87.50,552
-38.68,85.00,552
-39.52,82.50,552
-40.00,81.23,552
-40.45,80.00,552
-41.50,77.50,552
-42.50,75.26,552
-43.85,72.50,552
-45.00,70.12,552
-46.21,67.50,552
-47.26,65.00,552
-47.50,63.94,552
-47.79,62.50,552
-48.03,60.00,552
-48.01,57.50,552
-47.77,55.00,552
-47.50,53.81,552
-47.22,52.50,552
-46.51,50.00,552
-45.75,47.50,552
-45.00,45.20,552
-44.04,42.50,552
-43.20,40.00,552
-42.50,37.77,552
-41.60,35.00,552
-40.79,32.50,552
-40.00,30.00,552
-39.23,27.50,552
-38.55,25.00,552
-37.85,22.50,552
-37.50,21.21,552
-37.18,20.00,552
-36.53,17.50,552
-35.87,15.00,552
-35.14,12.50,552
-35.00,12.02,552
-34.44,10.00,552
-33.70,7.50,552
-33.01,5.00,552
-32.62,2.50,552
-32.50,1.58,552
-32.33,0.00,552

53.33,0.00,552
53.17,-2.50,552
54.01,-5.00,552
55.00,-6.92,552
56.31,-7.50,552
57.50,-8.27,552
59.21,-10.00,552
60.00,-11.77,552
60.25,-12.50,552
60.84,-15.00,552
61.03,-17.50,552
60.84,-20.00,552
60.41,-22.50,552
60.00,-23.70,552
59.67,-25.00,552
58.08,-27.50,552
57.50,-27.96,552
56.63,-30.00,552
55.61,-32.50,552
55.13,-35.00,552
55.13,-37.50,552
55.64,-40.00,552
56.47,-42.50,552
57.37,-45.00,552
58.65,-47.50,552
58.85,-50.00,552
58.83,-52.50,552
58.85,-55.00,552
58.76,-57.50,552
58.56,-60.00,552
58.16,-62.50,552
57.50,-65.00,552
56.11,-67.50,552
55.00,-68.31,552
53.75,-70.00,552
52.50,-72.27,552
52.17,-75.00,552
52.22,-77.50,552
52.50,-78.35,552
54.05,-80.00,552
55.00,-80.62,552
56.15,-80.00,552
57.50,-79.00,552
58.66,-77.50,552
59.80,-75.00,552
60.00,-74.39,552
60.89,-72.50,552
62.35,-70.00,552
65.00,-68.04,552
66.59,-67.50,552
67.50,-67.21,552
70.00,-66.10,552
72.50,-66.36,552
72.95,-67.50,552
73.65,-70.00,552
74.17,-72.50,552
74.62,-75.00,552
75.00,-77.47,552
75.25,-80.00,552
75.55,-82.50,552
75.79,-85.00,552
75.98,-87.50,552
76.13,-90.00,552
76.24,-92.50,552
76.28,-95.00,552
76.25,-97.50,552
76.16,-100.00,552
76.00,-102.50,552
75.78,-105.00,552
75.49,-107.50,552
75.13,-110.00,552
74.46,-112.50,552
73.70,-115.00,552
72.98,-117.50,552
72.50,-119.19,552
71.30,-120.00,552
70.00,-120.79,552
69.48,-120.00,552
68.00,-117.50,552
67.50,-116.76,552
66.86,-115.00,552
65.30,-112.50,552
64.44,-112.50,552
62.50,-113.85,552
60.00,-114.87,552
59.58,-115.00,552
57.50,-116.94,552
57.50,-117.81,552
60.00,-118.84,552
60.52,-120.00,552
61.00,-122.50,552
61.06,-125.00,552
61.20,-127.50,552
61.36,-130.00,552
61.79,-132.50,552
62.35,-135.00,552
63.28,-137.50,552
63.89,-140.00,552
64.35,-142.50,552
64.92,-145.00,552
66.05,-147.50,552
66.81,-150.00,552
67.28,-152.50,552
67.50,-153.45,552
67.94,-155.00,552
68.84,-157.50,552
69.71,-160.00,552
70.00,-160.96,552
70.73,-162.50,552
71.56,-165.00,552
72.04,-167.50,552
72.38,-170.00,552
72.50,-171.11,552
72.78,-172.50,552
73.11,-175.00,552
73.28,-177.50,552
73.31,180.00,552
73.20,177.50,552
72.96,175.00,552
72.50,172.50,552
71.76,170.00,552
70.65,167.50,552
70.00,166.42,552
68.90,165.00,552
67.50,163.93,552
65.00,162.90,552
63.49,162.50,552
62.50,162.25,552
60.23,160.00,552
58.84,157.50,552
58.32,155.00,552
58.52,152.50,552
59.61,150.00,552
60.00,149.27,552
62.32,147.50,552
65.00,145.18,552
65.76,142.50,552
66.09,140.00,552
66.45,137.50,552
66.77,135.00,552
67.25,132.50,552
67.50,130.72,552
70.00,130.51,552
71.65,132.50,552
72.50,133.32,552
74.14,135.00,552
75.00,135.90,552
76.72,137.50,552
77.50,138.42,552

77.50,30.90,552
76.71,32.50,552
75.28,35.00,552
74.15,37.50,552
72.99,40.00,552
72.50,40.87,552
70.16,42.50,552
67.50,43.89,552
65.05,45.00,552
63.17,42.50,552
62.50,41.66,552
61.93,40.00,552
61.49,37.50,552
61.12,35.00,552
60.88,32.50,552
60.71,30.00,552
60.57,27.50,552
60.66,25.00,552
60.70,22.50,552
60.69,20.00,552
60.75,17.50,552
60.75,15.00,552
60.53,12.50,552
60.18,10.00,552
60.00,9.17,552
59.41,7.50,552
57.50,5.19,552
55.00,3.38,552
54.40,2.50,552
53.33,0.00,552

47.70,120.00,552
49.24,122.50,552
47.50,124.76,552
46.18,122.50,552
47.09,120.00,552
47.50,119.78,552
47.70,120.00,552

-30.76,0.00,558
-30.95,-2.50,558
-31.56,-5.00,558
-32.50,-7.15,558
-32.67,-7.50,558
-34.01,-10.00,558
-35.00,-11.62,558
-35.53,-12.50,558
-37.19,-15.00,558
-37.50,-15.43,558
-38.98,-17.50,558
-40.00,-18.96,558
-40.80,-20.00,558
-42.50,-22.21,558
-42.79,-22.50,558
-45.00,-24.70,558
-45.37,-25.00,558
-47.50,-27.02,558
-47.95,-27.50,558
-49.68,-30.00,558
-50.00,-30.74,558
-50.62,-32.50,558
-51.05,-35.00,558
-51.02,-37.50,558
-50.84,-40.00,558
-50.30,-42.50,558
-50.00,-43.37,558
-49.40,-45.00,558
-48.42,-47.50,558
-47.50,-49.12,558
-47.01,-50.00,558
-45.75,-52.50,558
-45.00,-53.89,558
-44.50,-55.00,558
-43.17,-57.50,558
-42.50,-58.95,558
-42.09,-60.00,558
-41.18,-62.50,558
-40.20,-65.00,558
-40.00,-65.41,558
-39.00,-67.50,558
-37.50,-69.60,558
-37.21,-70.00,558
-35.71,-72.50,558
-35.00,-73.29,558
-33.87,-75.00,558
-32.50,-76.98,558
-32.18,-77.50,558
-30.86,-80.00,558
-30.00,-82.24,558
-29.23,-85.00,558
-29.08,-87.50,558
-29.39,-90.00,558
-30.00,-92.32,558
-31.26,-95.00,558
-32.50,-97.42,558
-34.49,-100.00,558
-35.00,-100.71,558
-36.40,-102.50,558
-37.50,-104.10,558
-38.18,-105.00,558
-39.82,-107.50,558
-41.30,-110.00,558
-42.31,-112.50,558
-42.39,-115.00,558
-41.14,-117.50,558
-40.00,-119.48,558
-39.72,-120.00,558
-37.50,-122.15,558
-37.20,-122.50,558
-35.00,-124.86,558
-33.10,-127.50,558
-32.50,-128.45,558
-31.70,-130.00,558
-30.68,-132.50,558
-30.12,-135.00,558
-30.07,-137.50,558
-30.41,-140.00,558
-30.89,-142.50,558
-31.50,-145.00,558
-32.13,-147.50,558
-32.50,-148.55,558
-33.18,-150.00,558
-34.73,-152.50,558
-35.00,-152.90,558
-37.08,-155.00,558
-37.50,-155.47,558
-39.76,-157.50,558
-40.00,-157.82,558
-41.24,-160.00,558
-41.56,-162.50,558
-41.82,-165.00,558
-42.07,-167.50,558
-42.20,-170.00,558
-42.50,-172.50,558
-43.18,-175.00,558
-43.87,-177.50,558
-44.56,180.00,558
-45.00,178.00,558
-45.06,177.50,558
-45.27,175.00,558
-45.00,172.61,558
-44.23,170.00,558
-43.15,167.50,558
-42.50,166.01,558
-42.03,165.00,558
-40.67,162.50,558
-40.00,161.32,558
-39.27,160.00,558
-37.76,157.50,558
-37.50,157.14,558
-36.32,155.00,558
-35.14,152.50,558
-35.00,152.07,558
-34.23,150.00,558
-33.57,147.50,558
-33.66,145.00,558
-34.19,142.50,558
-35.00,140.77,558
-35.58,140.00,558
-37.36,137.50,558
-39.76,135.00,558
-40.00,134.39,558
-40.77,132.50,558
-40.69,130.00,558
-40.10,127.50,558
-39.13,125.00,558
-38.13,122.50,558
-37.50,120.85,558
-37.15,120.00,558
-36.28,117.50,558
-35.43,115.00,558
-35.00,113.12,558
-34.84,112.50,558
-34.23,110.00,558
-33.79,107.50,558
-33.55,105.00,558
-33.49,102.50,558
-33.63,100.00,558
-33.95,97.50,558
-34.39,95.00,558
-34.95,92.50,558
-35.51,90.00,558
-36.19,87.50,558
-36.97,85.00,558
-37.50,83.45,558
-37.78,82.50,558
-38.61,80.00,558
-39.59,77.50,558
-40.00,76.54,558
-40.63,75.00,558
-41.74,72.50,558
-42.50,70.89,558
-42.91,70.00,558
-44.01,67.50,558
-44.97,65.00,558
-45.65,62.50,558
-45.99,60.00,558
-46.06,57.50,558
-45.96,55.00,558
-45.64,52.50,558
-45.13,50.00,558
-45.00,49.52,558
-44.40,47.50,558
-43.63,45.00,558
-42.86,42.50,558
-42.50,41.41,558
-41.99,40.00,558
-41.16,37.50,558
-40.37,35.00,558
-40.00,33.85,558
-39.54,32.50,558
-38.73,30.00,558
-37.95,27.50,558
-37.50,25.92,558
-37.23,25.00,558
-36.51,22.50,558
-35.75,20.00,558
-35.00,17.52,558
-34.33,15.00,558
-33.57,12.50,558
-32.73,10.00,558
-32.50,9.31,558
-31.97,7.50,558
-31.34,5.00,558
-30.93,2.50,558
-30.76,0.00,558

51.56,0.00,558
51.31,-2.50,558
51.65,-5.00,558
52.25,-7.50,558
52.50,-8.24,558
53.50,-10.00,558
55.00,-12.49,558
56.19,-15.00,558
56.75,-17.50,558
57.01,-20.00,558
56.81,-22.50,558
56.19,-25.00,558
55.40,-27.50,558
55.00,-28.65,558
54.69,-30.00,558
54.27,-32.50,558
54.04,-35.00,558
54.08,-37.50,558
54.37,-40.00,558
54.82,-42.50,558
55.00,-43.41,558
55.48,-45.00,558
56.07,-47.50,558
56.38,-50.00,558
56.44,-52.50,558
56.27,-55.00,558
55.89,-57.50,558
55.20,-60.00,558
55.00,-60.55,558
54.22,-62.50,558
52.82,-65.00,558
52.50,-65.48,558
51.56,-67.50,558
50.53,-70.00,558
50.00,-72.47,558
49.87,-75.00,558
50.00,-76.39,558
50.10,-77.50,558
50.73,-80.00,558
51.98,-82.50,558
52.50,-83.27,558
54.89,-85.00,558
55.99,-85.00,558
57.50,-84.82,558
60.00,-82.85,558
60.32,-82.50,558
62.29,-80.00,558
64.28,-77.50,558
65.00,-76.63,558
67.50,-75.89,558
70.00,-75.65,558
71.13,-77.50,558
72.04,-80.00,558
72.50,-81.61,558
72.91,-85.00,558
73.13,-87.50,558
73.28,-90.00,558
73.29,-92.50,558
73.17,-95.00,558
72.85,-97.50,558
72.50,-99.26,558
72.21,-100.00,558
70.59,-102.50,558
70.00,-103.25,558
69.13,-102.50,558
67.50,-101.62,558
65.00,-102.36,558
62.75,-105.00,558
61.33,-107.50,558
60.00,-108.71,558
58.70,-110.00,558
57.50,-110.85,558
56.20,-112.50,558
55.00,-114.04,558
54.59,-115.00,558
53.94,-117.50,558
53.52,-120.00,558
52.94,-122.50,558
52.50,-123.63,558
52.24,-125.00,558
51.96,-127.50,558
51.94,-130.00,558
52.13,-132.50,558
52.50,-134.70,558
53.53,-137.50,558
54.36,-140.00,558
55.00,-141.66,558
55.64,-142.50,558
57.05,-145.00,558
57.50,-145.83,558
59.15,-147.50,558
60.00,-148.64,558
61.20,-150.00,558
62.50,-151.53,558
63.09,-152.50,558
64.53,-155.00,558
65.00,-155.93,558
65.66,-157.50,558
66.63,-160.00,558
67.50,-162.26,558
68.46,-165.00,558
69.09,-167.50,558
69.59,-170.00,558
69.92,-172.50,558
70.00,-173.45,558
70.14,-175.00,558
70.19,-177.50,558
70.08,180.00,558
69.75,177.50,558
69.23,175.00,558
68.53,172.50,558
67.50,170.23,558
65.05,167.50,558
62.50,166.15,558
60.95,165.00,558
60.00,164.21,558
59.08,162.50,558
58.14,160.00,558
57.50,158.19,558
57.29,157.50,558
56.84,155.00,558
56.94,152.50,558
57.41,150.00,558
58.50,147.50,558
59.47,145.00,558
60.00,143.02,558
60.23,142.50,558
61.04,140.00,558
61.50,137.50,558
61.91,135.00,558
62.22,132.50,558
62.49,130.00,558
62.98,127.50,558
63.57,125.00,558
64.28,122.50,558
65.00,120.40,558
65.36,120.00,558
67.10,117.50,558
67.50,116.78,558
69.71,115.00,558
72.50,114.06,558
73.44,115.00,558
75.00,116.68,558
75.80,117.50,558
77.30,120.00,558
77.50,120.43,558

77.50,43.28,558
76.21,45.00,558
75.00,46.61,558
74.48,47.50,558
73.04,50.00,558
72.50,51.00,558
70.74,52.50,558
70.00,53.24,558
67.50,54.78,558
67.09,55.00,558
65.00,56.24,558
62.50,57.24,558
61.25,55.00,558
61.32,52.50,558
61.29,50.00,558
61.01,47.50,558
60.21,45.00,558
59.49,42.50,558
59.00,40.00,558
58.66,37.50,558
58.48,35.00,558
58.37,32.50,558
58.22,30.00,558
58.34,27.50,558
58.66,25.00,558
58.85,22.50,558
58.91,20.00,558
58.92,17.50,558
58.79,15.00,558
58.35,12.50,558
57.50,10.01,558
55.94,7.50,558
55.00,6.56,558
53.91,5.00,558
52.50,2.83,558
51.56,0.00,558

65.27,85.00,558
65.48,87.50,558
65.25,90.00,558
65.00,90.88,558
63.14,92.50,558
62.50,93.03,558
61.89,92.50,558
60.20,90.00,558
60.00,89.33,558
59.07,87.50,558
58.45,85.00,558
57.77,82.50,558
55.54,82.50,558
56.73,85.00,558
56.47,87.50,558
55.00,89.08,558
53.22,87.50,558
52.73,85.00,558
54.92,82.50,558
54.94,80.00,558
54.13,77.50,558
54.59,75.00,558
55.00,74.12,558
56.71,72.50,558
57.50,71.30,558
58.48,70.00,558
60.00,68.15,558
62.44,67.50,558
64.58,70.00,558
64.94,72.50,558
64.40,75.00,558
63.77,77.50,558
63.60,80.00,558
64.37,82.50,558
65.00,83.46,558
65.27,85.00,558

50.80,120.00,558
51.61,122.50,558
51.64,125.00,558
50.10,127.50,558
49.37,127.50,558
47.50,127.29,558
45.39,125.00,558
45.00,124.44,558
43.96,122.50,558
43.82,120.00,558
44.41,117.50,558
45.00,116.68,558
47.50,115.87,558
49.51,117.50,558
50.00,118.10,558
50.80,120.00,558

-29.20,0.00,564
-29.35,-2.50,564
-29.89,-5.00,564
-30.00,-5.39,564
-30.65,-7.50,564
-31.72,-10.00,564
-32.50,-11.46,564
-33.08,-12.50,564
-34.75,-15.00,564
-35.00,-15.37,564
-36.41,-17.50,564
-37.50,-19.09,564
-38.09,-20.00,564
-39.80,-22.50,564
-41.70,-25.00,564
-42.50,-26.03,564
-43.82,-27.50,564
-45.00,-29.15,564
-45.65,-30.00,564
-46.90,-32.50,564
-47.40,-35.00,564
-47.41,-37.50,564
-47.23,-40.00,564
-46.55,-42.50,564
-45.50,-45.00,564
-45.00,-46.30,564
-44.51,-47.50,564
-43.38,-50.00,564
-42.50,-52.50,564
-41.61,-55.00,564
-40.72,-57.50,564
-40.00,-59.66,564
-38.94,-62.50,564
-38.03,-65.00,564
-37.50,-66.04,564
-36.66,-67.50,564
-35.00,-69.79,564
-33.58,-72.50,564
-32.50,-74.32,564
-32.11,-75.00,564
-30.67,-77.50,564
-30.00,-79.02,564
-29.51,-80.00,564
-28.55,-82.50,564
-28.07,-85.00,564
-27.92,-87.50,564
-28.09,-90.00,564
-28.61,-92.50,564
-29.53,-95.00,564
-30.00,-95.98,564
-30.73,-97.50,564
-32.21,-100.00,564
-32.50,-100.48,564
-33.88,-102.50,564
-35.00,-104.26,564
-35.49,-105.00,564
-36.92,-107.50,564
-37.50,-108.74,564
-38.08,-110.00,564
-38.68,-112.50,564
-38.01,-115.00,564
-37.50,-116.38,564
-37.16,-117.50,564
-36.17,-120.00,564
-35.00,-121.34,564
-34.19,-122.50,564
-32.72,-125.00,564
-32.50,-125.31,564
-31.29,-127.50,564
-30.09,-130.00,564
-29.00,-132.50,564
-28.34,-135.00,564
-28.08,-137.50,564
-28.15,-140.00,564
-28.40,-142.50,564
-28.77,-145.00,564
-29.24,-147.50,564
-29.84,-150.00,564
-30.00,-150.61,564
-30.65,-152.50,564
-31.66,-155.00,564
-32.50,-157.06,564
-32.75,-157.50,564
-33.87,-160.00,564
-34.90,-162.50,564
-35.90,-165.00,564
-36.70,-167.50,564
-37.50,-169.82,564
-38.14,-172.50,564
-38.63,-175.00,564
-38.93,-177.50,564
-38.71,180.00,564
-38.33,177.50,564
-38.22,175.00,564
-38.11,172.50,564
-38.02,170.00,564
-37.96,167.50,564
-37.71,165.00,564
-37.50,164.47,564
-36.76,162.50,564
-35.79,160.00,564
-35.00,157.72,564
-33.84,155.00,564
-33.06,152.50,564
-32.50,150.05,564
-32.05,147.50,564
-32.09,145.00,564
-32.50,142.53,564
-33.06,140.00,564
-34.19,137.50,564
-35.00,135.59,564
-35.29,135.00,564
-36.08,132.50,564
-36.47,130.00,564
-36.29,127.50,564
-35.93,125.00,564
-35.36,122.50,564
-35.00,121.22,564
-34.64,120.00,564
-33.98,117.50,564
-33.20,115.00,564
-32.67,112.50,564
-32.50,111.54,564
-32.19,110.00,564
-31.79,107.50,564
-31.58,105.00,564
-31.53,102.50,564
-31.65,100.00,564
-31.90,97.50,564
-32.30,95.00,564
-32.50,94.07,564
-32.80,92.50,564
-33.38,90.00,564
-34.09,87.50,564
-34.95,85.00,564
-35.70,82.50,564
-36.55,80.00,564
-37.49,77.50,564
-38.42,75.00,564
-39.48,72.50,564
-40.00,71.29,564
-40.54,70.00,564
-41.58,67.50,564
-42.50,65.23,564
-43.38,62.50,564
-43.84,60.00,564
-43.98,57.50,564
-43.97,55.00,564
-43.76,52.50,564
-43.36,50.00,564
-42.88,47.50,564
-42.50,45.85,564
-42.26,45.00,564
-41.42,42.50,564
-40.66,40.00,564
-40.00,37.82,564
-39.02,35.00,564
-38.23,32.50,564
-37.50,30.14,564
-36.61,27.50,564
-35.89,25.00,564
-35.20,22.50,564
-35.00,21.89,564
-34.30,20.00,564
-33.55,17.50,564
-32.83,15.00,564
-32.50,13.96,564
-32.02,12.50,564
-31.21,10.00,564
-30.51,7.50,564
-30.00,5.63,564
-29.83,5.00,564
-29.36,2.50,564
-29.20,0.00,564

49.98,0.00,564
49.57,-2.50,564
49.63,-5.00,564
50.00,-6.77,564
50.18,-7.50,564
50.93,-10.00,564
51.85,-12.50,564
52.50,-14.35,564
52.77,-15.00,564
53.55,-17.50,564
54.04,-20.00,564
54.06,-22.50,564
53.84,-25.00,564
53.48,-27.50,564
53.18,-30.00,564
53.00,-32.50,564
52.95,-35.00,564
53.04,-37.50,564
53.26,-40.00,564
53.58,-42.50,564
53.94,-45.00,564
54.27,-47.50,564
54.50,-50.00,564
54.41,-52.50,564
53.98,-55.00,564
53.31,-57.50,564
52.50,-59.62,564
51.41,-62.50,564
50.29,-65.00,564
50.00,-65.51,564
49.16,-67.50,564
48.43,-70.00,564
47.87,-72.50,564
47.60,-75.00,564
47.52,-77.50,564
47.78,-80.00,564
48.74,-82.50,564
50.00,-84.46,564
50.33,-85.00,564
52.25,-87.50,564
54.60,-90.00,564
55.00,-90.49,564
56.94,-92.50,564
57.50,-93.47,564
58.48,-95.00,564
58.83,-97.50,564
58.54,-100.00,564
57.96,-102.50,564
57.50,-103.43,564
56.83,-105.00,564
55.60,-107.50,564
55.00,-108.55,564
54.39,-110.00,564
53.21,-112.50,564
52.50,-114.42,564
52.29,-115.00,564
51.49,-117.50,564
50.86,-120.00,564
50.30,-122.50,564
50.00,-124.50,564
49.91,-125.00,564
49.68,-127.50,564
49.74,-130.00,564
50.00,-132.03,564
50.43,-135.00,564
51.02,-137.50,564
51.90,-140.00,564
52.50,-141.23,564
53.06,-142.50,564
54.31,-145.00,564
55.00,-146.02,564
55.99,-147.50,564
57.50,-149.66,564
57.80,-150.00,564
59.63,-152.50,564
60.00,-153.05,564
61.54,-155.00,564
62.50,-156.66,564
62.99,-157.50,564
64.14,-160.00,564
65.00,-162.38,564
65.81,-165.00,564
66.53,-167.50,564
67.04,-170.00,564
67.32,-172.50,564
67.36,-175.00,564
67.24,-177.50,564
66.88,180.00,564
66.17,177.50,564
65.02,175.00,564
62.50,172.81,564
62.16,172.50,564
60.00,170.61,564
59.51,170.00,564
58.00,167.50,564
57.50,166.42,564
57.00,165.00,564
56.31,162.50,564
55.88,160.00,564
55.58,157.50,564
55.52,155.00,564
55.62,152.50,564
55.93,150.00,564
56.43,147.50,564
57.05,145.00,564
57.50,143.37,564
57.77,142.50,564
58.38,140.00,564
58.92,137.50,564
59.42,135.00,564
59.96,132.50,564
60.48,130.00,564
60.92,127.50,564
61.41,125.00,564
62.08,122.50,564
62.50,121.24,564
62.87,120.00,564
63.59,117.50,564
64.39,115.00,564
65.00,113.17,564
65.29,112.50,564
65.99,110.00,564
66.55,107.50,564
67.05,105.00,564
67.50,103.06,564
67.50,100.66,564
65.00,101.22,564
62.78,102.50,564
60.00,102.79,564
57.50,102.65,564
56.32,100.00,564
55.29,97.50,564
55.00,97.07,564
52.50,96.34,564
51.41,95.00,564
50.00,93.10,564
49.69,92.50,564
49.26,90.00,564
49.01,87.50,564
48.86,85.00,564
49.23,82.50,564
49.62,80.00,564
50.00,78.03,564
50.12,77.50,564
50.96,75.00,564
51.82,72.50,564
52.32,70.00,564
52.50,69.28,564
53.13,67.50,564
53.95,65.00,564
54.76,62.50,564
55.00,61.87,564
55.77,60.00,564
56.58,57.50,564
57.41,55.00,564
58.17,52.50,564
58.55,50.00,564
58.45,47.50,564
57.97,45.00,564
57.50,43.04,564
56.91,40.00,564
56.56,37.50,564
56.39,35.00,564
56.31,32.50,564
56.26,30.00,564
56.41,27.50,564
56.68,25.00,564
56.76,22.50,564
56.68,20.00,564
56.53,17.50,564
56.22,15.00,564
55.53,12.50,564
55.00,11.35,564
54.42,10.00,564
53.03,7.50,564
52.50,6.67,564
51.66,5.00,564
50.65,2.50,564
50.00,0.07,564
49.98,0.00,564

77.50,102.56,564
75.00,104.34,564
72.50,104.25,564
71.26,102.50,564
70.29,100.00,564
70.00,98.29,564
69.57,97.50,564
69.56,95.00,564
69.66,92.50,564
69.89,90.00,564
70.00,88.45,564
70.08,87.50,564
70.32,85.00,564
70.67,82.50,564
71.34,80.00,564
72.41,77.50,564
72.92,75.00,564
73.69,72.50,564
74.80,70.00,564
75.57,67.50,564
76.11,65.00,564
76.64,62.50,564
77.35,60.00,564
77.50,59.58,564

53.01,117.50,564
53.42,120.00,564
53.90,122.50,564
54.00,125.00,564
53.43,127.50,564
52.50,128.90,564
50.32,130.00,564
49.77,130.00,564
47.50,129.31,564
45.44,127.50,564
45.00,127.02,564
43.40,125.00,564
42.50,123.03,564
42.24,122.50,564
41.98,120.00,564
42.45,117.50,564
43.74,115.00,564
45.00,113.76,564
47.50,113.12,564
50.00,113.98,564
51.21,115.00,564
52.50,116.64,564
53.01,117.50,564

51.02,167.50,564
50.00,169.99,564
48.52,167.50,564
50.00,166.42,564
51.02,167.50,564

-27.67,0.00,570
-27.65,-2.50,570
-27.97,-5.00,570
-28.54,-7.50,570
-29.34,-10.00,570
-30.00,-11.63,570
-30.41,-12.50,570
-31.75,-15.00,570
-32.50,-16.34,570
-33.23,-17.50,570
-34.81,-20.00,570
-36.32,-22.50,570
-37.50,-24.31,570
-37.95,-25.00,570
-39.46,-27.50,570
-40.00,-28.57,570
-40.76,-30.00,570
-41.64,-32.50,570
-42.50,-34.94,570
-40.00,-35.63,570
-38.88,-37.50,570
-38.28,-40.00,570
-37.96,-42.50,570
-39.10,-45.00,570
-39.89,-47.50,570
-39.75,-50.00,570
-39.32,-52.50,570
-38.77,-55.00,570
-38.17,-57.50,570
-37.50,-59.94,570
-36.53,-62.50,570
-35.54,-65.00,570
-35.00,-65.98,570
-34.11,-67.50,570
-32.84,-70.00,570
-32.50,-70.65,570
-31.38,-72.50,570
-30.15,-75.00,570
-28.81,-77.50,570
-27.81,-80.00,570
-27.50,-81.13,570
-26.99,-82.50,570
-26.48,-85.00,570
-26.28,-87.50,570
-26.39,-90.00,570
-26.93,-92.50,570
-27.50,-94.16,570
-27.71,-95.00,570
-28.58,-97.50,570
-29.95,-100.00,570
-31.10,-102.50,570
-32.38,-105.00,570
-33.59,-107.50,570
-34.25,-110.00,570
-34.24,-112.50,570
-34.01,-115.00,570
-33.18,-117.50,570
-32.50,-119.25,570
-32.29,-120.00,570
-31.67,-122.50,570
-30.61,-125.00,570
-30.00,-126.32,570
-29.38,-127.50,570
-28.43,-130.00,570
-27.50,-132.34,570
-26.65,-135.00,570
-26.31,-137.50,570
-26.22,-140.00,570
-26.29,-142.50,570
-26.46,-145.00,570
-26.71,-147.50,570
-27.06,-150.00,570
-27.41,-152.50,570
-27.50,-153.21,570
-27.81,-155.00,570
-28.20,-157.50,570
-28.54,-160.00,570
-28.84,-162.50,570
-29.20,-165.00,570
-29.64,-167.50,570
-30.00,-168.59,570
-30.56,-170.00,570
-31.46,-172.50,570
-32.30,-175.00,570
-32.50,-176.19,570
-32.70,-177.50,570
-32.66,180.00,570
-32.57,177.50,570
-32.57,175.00,570
-32.76,172.50,570
-32.82,170.00,570
-32.63,167.50,570
-32.50,166.43,570
-32.38,165.00,570
-32.04,162.50,570
-31.64,160.00,570
-31.17,157.50,570
-30.56,155.00,570
-30.10,152.50,570
-30.00,152.03,570
-29.59,150.00,570
-29.27,147.50,570
-29.18,145.00,570
-29.31,142.50,570
-29.58,140.00,570
-30.00,138.62,570
-30.29,137.50,570
-30.91,135.00,570
-31.50,132.50,570
-31.83,130.00,570
-32.01,127.50,570
-31.99,125.00,570
-31.73,122.50,570
-31.37,120.00,570
-30.93,117.50,570
-30.46,115.00,570
-30.12,112.50,570
-30.00,111.68,570
-29.71,110.00,570
-29.42,107.50,570
-29.25,105.00,570
-29.19,102.50,570
-29.32,100.00,570
-29.52,97.50,570
-29.90,95.00,570
-30.00,94.53,570
-30.35,92.50,570
-30.87,90.00,570
-31.55,87.50,570
-32.38,85.00,570
-33.21,82.50,570
-34.11,80.00,570
-35.00,77.76,570
-35.98,75.00,570
-36.91,72.50,570
-37.50,71.01,570
-37.89,70.00,570
-38.85,67.50,570
-39.89,65.00,570
-40.76,62.50,570
-41.36,60.00,570
-41.63,57.50,570
-41.66,55.00,570
-41.52,52.50,570
-41.25,50.00,570
-40.87,47.50,570
-40.41,45.00,570
-40.00,43.19,570
-39.81,42.50,570
-39.03,40.00,570
-38.31,37.50,570
-37.60,35.00,570
-36.77,32.50,570
-35.99,30.00,570
-35.23,27.50,570
-35.00,26.66,570
-34.42,25.00,570
-33.66,22.50,570
-32.85,20.00,570
-32.50,18.82,570
-32.03,17.50,570
-31.23,15.00,570
-30.47,12.50,570
-30.00,10.97,570
-29.66,10.00,570
-28.94,7.50,570
-28.34,5.00,570
-27.93,2.50,570
-27.67,0.00,570

48.12,0.00,570
47.88,-2.50,570
47.88,-5.00,570
48.08,-7.50,570
48.57,-10.00,570
49.16,-12.50,570
49.86,-15.00,570
50.00,-15.56,570
50.53,-17.50,570
51.12,-20.00,570
51.48,-22.50,570
51.60,-25.00,570
51.54,-27.50,570
51.44,-30.00,570
51.43,-32.50,570
51.51,-35.00,570
51.69,-37.50,570
51.95,-40.00,570
52.25,-42.50,570
52.50,-44.80,570
52.61,-47.50,570
52.57,-50.00,570
52.50,-50.67,570
52.25,-52.50,570
51.64,-55.00,570
50.95,-57.50,570
50.12,-60.00,570
49.13,-62.50,570
48.20,-65.00,570
47.50,-67.03,570
47.31,-67.50,570
46.44,-70.00,570
45.83,-72.50,570
45.30,-75.00,570
45.00,-76.81,570
44.89,-77.50,570
44.83,-80.00,570
45.00,-81.89,570
45.08,-82.50,570
46.05,-85.00,570
47.50,-87.32,570
49.47,-90.00,570
50.00,-90.68,570
51.43,-92.50,570
52.50,-94.15,570
53.06,-95.00,570
53.91,-97.50,570
54.02,-100.00,570
53.74,-102.50,570
53.10,-105.00,570
52.50,-107.03,570
51.48,-110.00,570
50.63,-112.50,570
50.00,-114.41,570
49.77,-115.00,570
48.81,-117.50,570
48.04,-120.00,570
47.50,-122.41,570
46.97,-125.00,570
46.64,-127.50,570
46.65,-130.00,570
46.92,-132.50,570
47.50,-134.75,570
48.24,-137.50,570
49.26,-140.00,570
50.00,-141.32,570
50.51,-142.50,570
51.99,-145.00,570
52.50,-145.70,570
53.63,-147.50,570
55.00,-149.28,570
55.50,-150.00,570
57.30,-152.50,570
58.87,-155.00,570
60.00,-157.03,570
60.27,-157.50,570
61.43,-160.00,570
62.40,-162.50,570
63.11,-165.00,570
63.61,-167.50,570
63.98,-170.00,570
64.08,-172.50,570
63.71,-175.00,570
62.88,-177.50,570
62.50,-178.29,570
61.89,180.00,570
60.41,177.50,570
60.00,177.02,570
57.97,175.00,570
57.50,174.52,570
55.14,172.50,570
52.50,171.90,570
50.00,172.41,570
47.50,170.91,570
46.81,170.00,570
46.10,167.50,570
47.28,165.00,570
50.00,163.32,570
52.50,162.89,570
53.17,160.00,570
53.44,157.50,570
53.66,155.00,570
53.94,152.50,570
54.26,150.00,570
54.63,147.50,570
54.97,145.00,570
55.26,142.50,570
55.53,140.00,570
55.72,137.50,570
55.71,135.00,570
55.14,132.50,570
52.50,133.75,570
50.00,133.12,570
49.00,132.50,570
47.50,131.85,570
45.36,130.00,570
45.00,129.70,570
43.06,127.50,570
42.50,126.74,570
41.21,125.00,570
40.17,122.50,570
40.00,121.75,570
39.56,120.00,570
39.74,117.50,570
40.00,116.59,570
40.58,115.00,570
41.97,112.50,570
42.50,111.79,570
44.38,110.00,570
45.00,109.48,570
47.50,108.28,570
49.05,107.50,570
50.00,106.89,570
51.34,105.00,570
51.80,102.50,570
50.60,100.00,570
50.00,99.27,570
49.33,97.50,570
48.28,95.00,570
47.50,93.44,570
47.14,92.50,570
46.61,90.00,570
46.46,87.50,570
46.48,85.00,570
46.64,82.50,570
46.98,80.00,570
47.50,78.12,570
47.70,77.50,570
48.28,75.00,570
48.95,72.50,570
49.44,70.00,570
50.00,68.17,570
50.19,67.50,570
50.88,65.00,570
51.92,62.50,570
52.50,61.49,570
53.15,60.00,570
54.13,57.50,570
55.00,55.22,570
55.77,52.50,570
56.17,50.00,570
56.19,47.50,570
55.93,45.00,570
55.57,42.50,570
55.19,40.00,570
55.00,38.78,570
54.76,37.50,570
54.43,35.00,570
54.30,32.50,570
54.29,30.00,570
54.32,27.50,570
54.25,25.00,570
54.01,22.50,570
53.70,20.00,570
53.37,17.50,570
53.01,15.00,570
52.50,12.97,570
51.56,10.00,570
50.50,7.50,570
50.00,6.35,570
49.48,5.00,570
48.70,2.50,570
48.12,0.00,570

58.89,112.50,570
59.44,115.00,570
59.15,117.50,570
58.26,120.00,570
57.59,122.50,570
57.50,123.77,570
57.47,122.50,570
57.27,120.00,570
56.68,117.50,570
55.05,115.00,570
53.81,112.50,570
55.00,110.09,570
57.50,110.85,570
58.89,112.50,570

-29.92,-42.50,570
-28.54,-40.00,570
-30.00,-38.50,570
-32.50,-39.00,570
-33.86,-40.00,570
-33.68,-42.50,570
-32.50,-42.94,570
-30.00,-42.56,570
-29.92,-42.50,570

-25.89,0.00,576
-25.80,-2.50,576
-25.95,-5.00,576
-26.30,-7.50,576
-26.87,-10.00,576
-27.50,-11.79,576
-27.74,-12.50,576
-28.64,-15.00,576
-29.79,-17.50,576
-30.00,-17.92,576
-30.97,-20.00,576
-32.11,-22.50,576
-32.50,-23.62,576
-33.03,-25.00,576
-33.86,-27.50,576
-34.22,-30.00,576
-32.50,-32.32,576
-30.00,-34.13,576
-28.50,-35.00,576
-27.50,-35.33,576
-25.54,-37.50,576
-25.43,-40.00,576
-26.95,-42.50,576
-27.50,-43.10,576
-30.00,-44.79,576
-30.60,-45.00,576
-32.50,-46.21,576
-34.40,-47.50,576
-35.00,-48.56,576
-35.62,-50.00,576
-35.81,-52.50,576
-35.69,-55.00,576
-35.35,-57.50,576
-35.00,-58.84,576
-34.65,-60.00,576
-33.80,-62.50,576
-32.73,-65.00,576
-32.50,-65.40,576
-31.01,-67.50,576
-30.17,-70.00,576
-28.78,-72.50,576
-27.66,-75.00,576
-27.50,-75.34,576
-26.24,-77.50,576
-25.15,-80.00,576
-25.00,-80.65,576
-24.46,-82.50,576
-23.98,-85.00,576
-23.74,-87.50,576
-23.74,-90.00,576
-24.06,-92.50,576
-24.69,-95.00,576
-25.00,-95.73,576
-25.56,-97.50,576
-26.47,-100.00,576
-27.49,-102.50,576
-28.33,-105.00,576
-29.21,-107.50,576
-29.59,-110.00,576
-30.00,-111.88,576
-30.14,-112.50,576
-30.31,-115.00,576
-30.00,-116.20,576
-29.68,-117.50,576
-29.30,-120.00,576
-28.76,-122.50,576
-27.65,-125.00,576
-27.50,-125.43,576
-26.79,-127.50,576
-26.25,-130.00,576
-25.58,-132.50,576
-25.02,-135.00,576
-24.45,-137.50,576
-24.21,-140.00,576
-24.11,-142.50,576
-24.14,-145.00,576
-24.24,-147.50,576
-24.39,-150.00,576
-24.59,-152.50,576
-24.82,-155.00,576
-24.87,-157.50,576
-24.80,-160.00,576
-24.77,-162.50,576
-24.74,-165.00,576
-24.86,-167.50,576
-24.92,-170.00,576
-25.00,-170.79,576
-25.21,-172.50,576
-25.55,-175.00,576
-26.10,-177.50,576
-26.58,180.00,576
-27.26,177.50,576
-27.50,176.60,576
-27.93,175.00,576
-28.36,172.50,576
-28.68,170.00,576
-28.87,167.50,576
-28.88,165.00,576
-28.70,162.50,576
-28.33,160.00,576
-27.93,157.50,576
-27.50,155.05,576
-26.85,152.50,576
-26.29,150.00,576
-25.53,147.50,576
-25.18,145.00,576
-25.00,143.31,576
-24.88,142.50,576
-24.59,140.00,576
-24.92,137.50,576
-25.00,136.32,576
-25.09,135.00,576
-25.55,132.50,576
-26.26,130.00,576
-26.53,127.50,576
-26.72,125.00,576
-26.85,122.50,576
-26.86,120.00,576
-26.76,117.50,576
-26.67,115.00,576
-26.49,112.50,576
-26.37,110.00,576
-26.18,107.50,576
-26.13,105.00,576
-26.13,102.50,576
-26.21,100.00,576
-26.39,97.50,576
-26.62,95.00,576
-27.02,92.50,576
-27.50,90.69,576
-27.65,90.00,576
-28.32,87.50,576
-29.16,85.00,576
-30.00,82.94,576
-30.14,82.50,576
-31.01,80.00,576
-32.01,77.50,576
-32.50,76.33,576
-32.95,75.00,576
-33.83,72.50,576
-34.84,70.00,576
-35.00,69.59,576
-35.64,67.50,576
-36.43,65.00,576
-37.33,62.50,576
-37.50,62.01,576
-38.01,60.00,576
-38.45,57.50,576
-38.63,55.00,576
-38.58,52.50,576
-38.41,50.00,576
-38.19,47.50,576
-37.90,45.00,576
-37.56,42.50,576
-36.92,40.00,576
-36.32,37.50,576
-35.70,35.00,576
-35.09,32.50,576
-34.30,30.00,576
-33.41,27.50,576
-32.70,25.00,576
-32.50,24.25,576
-31.90,22.50,576
-31.00,20.00,576
-30.29,17.50,576
-30.00,16.49,576
-29.42,15.00,576
-28.59,12.50,576
-27.87,10.00,576
-27.50,8.39,576
-27.22,7.50,576
-26.59,5.00,576
-26.15,2.50,576
-25.89,0.00,576

45.89,0.00,576
45.47,-2.50,576
45.35,-5.00,576
45.54,-7.50,576
45.93,-10.00,576
46.46,-12.50,576
47.06,-15.00,576
47.50,-16.75,576
47.68,-17.50,576
48.29,-20.00,576
48.82,-22.50,576
49.16,-25.00,576
49.35,-27.50,576
49.42,-30.00,576
49.56,-32.50,576
49.77,-35.00,576
50.00,-37.33,576
50.18,-40.00,576
50.30,-42.50,576
50.35,-45.00,576
50.32,-47.50,576
50.13,-50.00,576
50.00,-50.90,576
49.66,-52.50,576
48.91,-55.00,576
48.16,-57.50,576
47.50,-59.67,576
46.50,-62.50,576
45.76,-65.00,576
45.00,-67.49,576
44.10,-70.00,576
43.43,-72.50,576
42.99,-75.00,576
42.69,-77.50,576
42.50,-79.15,576
42.36,-80.00,576
42.24,-82.50,576
42.50,-83.94,576
42.70,-85.00,576
43.71,-87.50,576
45.00,-89.63,576
45.29,-90.00,576
47.19,-92.50,576
47.50,-93.05,576
48.62,-95.00,576
49.55,-97.50,576
50.00,-99.75,576
50.00,-102.21,576
49.70,-105.00,576
49.32,-107.50,576
48.57,-110.00,576
47.74,-112.50,576
47.50,-113.05,576
46.59,-115.00,576
45.45,-117.50,576
45.00,-118.49,576
44.21,-120.00,576
43.00,-122.50,576
42.50,-123.75,576
42.03,-125.00,576
41.34,-127.50,576
40.74,-130.00,576
40.46,-132.50,576
40.94,-135.00,576
42.20,-137.50,576
42.50,-137.79,576
44.48,-140.00,576
45.00,-140.40,576
46.65,-142.50,576
47.50,-143.29,576
48.64,-145.00,576
50.00,-146.59,576
50.63,-147.50,576
52.50,-149.98,576
54.19,-152.50,576
55.00,-153.78,576
55.76,-155.00,576
57.27,-157.50,576
57.50,-158.01,576
58.28,-160.00,576
59.11,-162.50,576
59.71,-165.00,576
60.00,-166.86,576
60.10,-167.50,576
60.28,-170.00,576
60.22,-172.50,576
60.00,-174.04,576
59.85,-175.00,576
58.84,-177.50,576
57.50,-179.45,576
56.93,180.00,576
55.00,178.55,576
52.97,177.50,576
52.50,177.25,576
50.00,176.07,576
48.29,175.00,576
47.50,174.53,576
45.22,172.50,576
42.59,170.00,576
40.00,167.91,576
39.40,167.50,576
37.59,165.00,576
37.50,164.56,576
37.12,162.50,576
37.50,161.94,576
40.00,160.46,576
42.50,161.00,576
45.00,160.91,576
46.72,160.00,576
47.50,159.60,576
49.43,157.50,576
50.00,156.68,576
50.63,155.00,576
51.53,152.50,576
52.13,150.00,576
52.49,147.50,576
52.54,145.00,576
52.15,142.50,576
51.14,140.00,576
50.00,138.10,576
49.68,137.50,576
47.50,135.44,576
47.13,135.00,576
45.00,132.87,576
44.61,132.50,576
42.50,130.36,576
42.18,130.00,576
40.17,127.50,576
38.36,125.00,576
37.50,122.50,576
37.10,120.00,576
37.18,117.50,576
37.50,116.51,576
37.80,115.00,576
38.66,112.50,576
40.00,110.41,576
40.31,110.00,576
42.50,107.52,576
44.88,105.00,576
46.27,102.50,576
46.35,100.00,576
46.01,97.50,576
45.22,95.00,576
45.01,92.50,576
44.53,90.00,576
44.36,87.50,576
44.42,85.00,576
44.52,82.50,576
44.99,80.00,576
45.30,77.50,576
45.60,75.00,576
46.01,72.50,576
46.35,70.00,576
46.84,67.50,576
47.50,65.06,576
48.25,62.50,576
49.39,60.00,576
50.00,59.00,576
50.77,57.50,576
51.98,55.00,576
52.50,53.60,576
52.76,52.50,576
53.18,50.00,576
53.35,47.50,576
53.32,45.00,576
53.16,42.50,576
52.97,40.00,576
52.73,37.50,576
52.50,35.39,576
52.10,32.50,576
51.85,30.00,576
51.60,27.50,576
51.32,25.00,576
51.05,22.50,576
50.81,20.00,576
50.57,17.50,576
50.16,15.00,576
50.00,14.34,576
49.52,12.50,576
48.82,10.00,576
48.01,7.50,576
47.50,5.80,576
47.24,5.00,576
46.48,2.50,576
45.89,0.00,576

-23.37,0.00,582
-23.21,-2.50,582
-23.20,-5.00,582
-23.29,-7.50,582
-23.49,-10.00,582
-23.82,-12.50,582
-24.13,-15.00,582
-24.44,-17.50,582
-24.48,-20.00,582
-23.99,-22.50,582
-22.79,-25.00,582
-22.50,-25.45,582
-21.54,-27.50,582
-20.69,-30.00,582
-20.25,-32.50,582
-20.74,-35.00,582
-21.27,-37.50,582
-22.50,-39.32,582
-22.77,-40.00,582
-23.89,-42.50,582
-25.00,-43.81,582
-26.03,-45.00,582
-27.50,-46.58,582
-28.63,-47.50,582
-30.00,-49.36,582
-30.45,-50.00,582
-31.43,-52.50,582
-31.60,-55.00,582
-31.30,-57.50,582
-30.56,-60.00,582
-30.00,-61.79,582
-29.71,-62.50,582
-28.29,-65.00,582
-27.50,-65.90,582
-26.18,-67.50,582
-25.49,-70.00,582
-25.00,-72.27,582
-23.45,-75.00,582
-22.56,-77.50,582
-21.42,-80.00,582
-20.57,-82.50,582
-20.00,-84.92,582
-19.54,-87.50,582
-19.39,-90.00,582
-19.43,-92.50,582
-19.64,-95.00,582
-20.00,-96.78,582
-20.15,-97.50,582
-20.84,-100.00,582
-21.69,-102.50,582
-22.50,-104.06,582
-22.89,-105.00,582
-23.95,-107.50,582
-25.00,-109.58,582
-25.17,-110.00,582
-25.77,-112.50,582
-26.12,-115.00,582
-25.89,-117.50,582
-25.40,-120.00,582
-25.00,-121.21,582
-24.51,-122.50,582
-24.02,-125.00,582
-23.23,-127.50,582
-22.89,-130.00,582
-22.50,-132.25,582
-21.97,-135.00,582
-21.54,-137.50,582
-21.26,-140.00,582
-21.09,-142.50,582
-21.04,-145.00,582
-20.97,-147.50,582
-20.89,-150.00,582
-20.86,-152.50,582
-20.96,-155.00,582
-21.05,-157.50,582
-21.12,-160.00,582
-21.11,-162.50,582
-21.09,-165.00,582
-20.98,-167.50,582
-20.94,-170.00,582
-21.05,-172.50,582
-21.16,-175.00,582
-21.40,-177.50,582
-21.89,180.00,582
-22.50,178.15,582
-22.67,177.50,582
-23.23,175.00,582
-23.76,172.50,582
-24.31,170.00,582
-24.70,167.50,582
-24.82,165.00,582
-24.67,162.50,582
-24.38,160.00,582
-23.93,157.50,582
-23.42,155.00,582
-22.77,152.50,582
-22.50,151.61,582
-21.88,150.00,582
-21.20,147.50,582
-20.48,145.00,582
-20.00,143.65,582
-19.48,142.50,582
-19.19,140.00,582
-18.98,137.50,582
-18.68,135.00,582
-19.04,132.50,582
-19.32,130.00,582
-19.66,127.50,582
-20.00,125.28,582
-20.62,122.50,582
-21.29,120.00,582
-21.61,117.50,582
-21.83,115.00,582
-22.08,112.50,582
-22.27,110.00,582
-22.16,107.50,582
-22.17,105.00,582
-22.10,102.50,582
-22.13,100.00,582
-22.30,97.50,582
-22.42,95.00,582
-22.43,92.50,582
-22.50,91.29,582
-22.57,90.00,582
-22.77,87.50,582
-23.01,85.00,582
-23.59,82.50,582
-24.50,80.00,582
-25.00,78.89,582
-25.65,77.50,582
-27.15,75.00,582
-27.50,74.42,582
-28.15,72.50,582
-28.89,70.00,582
-29.25,67.50,582
-29.17,65.00,582
-29.59,62.50,582
-30.00,61.22,582
-30.42,60.00,582
-31.32,57.50,582
-32.05,55.00,582
-32.46,52.50,582
-32.79,50.00,582
-33.04,47.50,582
-33.38,45.00,582
-33.55,42.50,582
-33.47,40.00,582
-33.21,37.50,582
-32.91,35.00,582
-32.51,32.50,582
-31.76,30.00,582
-31.00,27.50,582
-30.34,25.00,582
-30.00,23.78,582
-29.44,22.50,582
-28.45,20.00,582
-27.70,17.50,582
-27.50,16.75,582
-26.80,15.00,582
-25.93,12.50,582
-25.24,10.00,582
-25.00,8.74,582
-24.64,7.50,582
-24.02,5.00,582
-23.63,2.50,582
-23.37,0.00,582

43.22,0.00,582
42.70,-2.50,582
42.50,-3.89,582
42.31,-5.00,582
42.25,-7.50,582
42.50,-9.03,582
42.65,-10.00,582
43.23,-12.50,582
43.83,-15.00,582
44.47,-17.50,582
45.00,-19.30,582
45.17,-20.00,582
45.70,-22.50,582
46.18,-25.00,582
46.57,-27.50,582
46.89,-30.00,582
47.15,-32.50,582
47.42,-35.00,582
47.50,-36.21,582
47.58,-37.50,582
47.67,-40.00,582
47.69,-42.50,582
47.60,-45.00,582
47.50,-45.93,582
47.26,-47.50,582
46.47,-50.00,582
45.21,-52.50,582
45.00,-52.94,582
42.50,-54.97,582
41.75,-57.50,582
42.38,-60.00,582
42.37,-62.50,582
41.79,-65.00,582
40.95,-67.50,582
40.18,-70.00,582
40.00,-70.68,582
39.36,-72.50,582
38.58,-75.00,582
38.01,-77.50,582
38.09,-80.00,582
38.59,-82.50,582
39.16,-85.00,582
40.00,-87.10,582
41.06,-90.00,582
42.39,-92.50,582
43.72,-95.00,582
44.72,-97.50,582
45.00,-98.78,582
45.23,-100.00,582
45.38,-102.50,582
45.61,-105.00,582
45.83,-107.50,582
45.33,-110.00,582
45.00,-110.92,582
44.36,-112.50,582
43.23,-115.00,582
42.50,-116.40,582
41.71,-117.50,582
40.00,-119.98,582
38.32,-122.50,582
37.54,-125.00,582
36.82,-127.50,582
36.20,-130.00,582
35.71,-132.50,582
35.40,-135.00,582
35.14,-137.50,582
35.00,-139.04,582
34.88,-140.00,582
34.49,-142.50,582
34.09,-145.00,582
33.83,-147.50,582
35.00,-149.82,582
37.50,-149.87,582
40.00,-149.08,582
42.50,-148.42,582
45.00,-148.65,582
47.50,-150.00,582
49.78,-152.50,582
51.44,-155.00,582
52.50,-156.82,582
52.87,-157.50,582
54.19,-160.00,582
55.00,-162.03,582
55.77,-165.00,582
56.30,-167.50,582
56.53,-170.00,582
56.28,-172.50,582
55.04,-175.00,582
53.07,-177.50,582
52.50,-177.99,582
50.08,180.00,582
47.50,178.02,582
46.70,177.50,582
45.00,176.33,582
42.98,175.00,582
42.50,174.68,582
40.00,172.91,582
39.27,172.50,582
37.50,171.63,582
35.00,170.12,582
32.50,167.56,582
30.00,165.45,582
29.41,165.00,582
27.50,163.21,582
26.99,162.50,582
25.00,160.20,582
24.06,157.50,582
23.97,155.00,582
24.73,152.50,582
25.00,152.09,582
27.48,150.00,582
30.00,149.60,582
32.50,149.96,582
35.00,150.84,582
37.50,151.61,582
40.00,152.31,582
40.94,152.50,582
42.50,152.90,582
45.00,152.54,582
47.50,151.18,582
48.28,150.00,582
49.01,147.50,582
48.94,145.00,582
48.23,142.50,582
47.50,141.07,582
46.89,140.00,582
45.28,137.50,582
45.00,137.15,582
43.24,135.00,582
42.50,134.31,582
40.62,132.50,582
40.00,131.79,582
37.82,130.00,582
37.50,129.66,582
35.41,127.50,582
35.00,126.88,582
33.58,125.00,582
32.50,123.09,582
32.06,122.50,582
31.18,120.00,582
30.39,117.50,582
30.54,115.00,582
31.67,112.50,582
32.50,111.38,582
33.71,110.00,582
35.00,109.16,582
36.21,107.50,582
37.50,105.33,582
37.73,105.00,582
39.16,102.50,582
40.00,100.99,582
40.48,100.00,582
40.87,97.50,582
40.86,95.00,582
40.89,92.50,582
41.01,90.00,582
40.88,87.50,582
41.45,85.00,582
41.33,82.50,582
41.99,80.00,582
41.77,77.50,582
41.99,75.00,582
41.96,72.50,582
42.02,70.00,582
42.50,67.53,582
42.58,65.00,582
42.95,62.50,582
43.48,60.00,582
44.09,57.50,582
44.65,55.00,582
45.00,52.59,582
44.61,50.00,582
44.01,47.50,582
42.94,45.00,582
42.50,44.65,582
41.24,42.50,582
40.00,41.10,582
38.19,40.00,582
37.50,39.54,582
35.99,37.50,582
35.00,35.76,582
34.63,35.00,582
34.67,32.50,582
35.00,31.99,582
37.50,31.71,582
40.00,32.45,582
42.50,34.02,582
43.86,35.00,582
45.00,36.17,582
47.50,37.04,582
47.96,35.00,582
48.23,32.50,582
48.29,30.00,582
48.26,27.50,582
48.14,25.00,582
47.88,22.50,582
47.58,20.00,582
47.50,19.43,582
47.12,17.50,582
46.59,15.00,582
46.04,12.50,582
45.49,10.00,582
45.00,8.29,582
44.78,7.50,582
44.42,5.00,582
43.79,2.50,582
43.22,0.00,582

35.82,-80.00,582
35.00,-79.31,582
32.50,-79.23,582
32.06,-80.00,582
32.50,-81.06,582
35.00,-80.39,582
35.82,-80.00,582

-17.66,0.00,588
-17.60,-2.50,588
-17.50,-3.94,588
-17.35,-5.00,588
-17.09,-7.50,588
-16.82,-10.00,588
-16.69,-12.50,588
-16.62,-15.00,588
-16.38,-17.50,588
-16.06,-20.00,588
-15.75,-22.50,588
-15.42,-25.00,588
-15.00,-27.35,588
-14.09,-30.00,588
-13.48,-32.50,588
-13.07,-35.00,588
-13.25,-37.50,588
-15.00,-39.95,588
-16.17,-42.50,588
-17.50,-43.79,588
-18.55,-45.00,588
-20.00,-46.57,588
-20.85,-47.50,588
-22.50,-49.23,588
-23.12,-50.00,588
-24.36,-52.50,588
-24.69,-55.00,588
-23.82,-57.50,588
-22.66,-60.00,588
-20.67,-62.50,588
-20.00,-63.99,588
-18.57,-65.00,588
-17.50,-66.16,588
-15.00,-67.22,588
-12.50,-66.32,588
-10.54,-65.00,588
-10.00,-64.50,588
-7.87,-65.00,588
-7.50,-65.16,588
-7.38,-62.50,588
-7.50,-62.11,588
-8.00,-60.00,588
-7.63,-57.50,588
-7.50,-57.12,588
-5.35,-55.00,588
-5.00,-54.79,588
-4.11,-55.00,588
-2.50,-55.46,588
-1.65,-55.00,588
-0.93,-52.50,588
0.00,-50.03,588
2.50,-48.34,588
3.40,-50.00,588
2.66,-52.50,588
2.50,-53.52,588
1.81,-55.00,588
2.50,-56.22,588
3.19,-57.50,588
4.99,-60.00,588
6.97,-62.50,588
7.50,-63.49,588
8.59,-65.00,588
9.94,-67.50,588
10.00,-68.42,588
10.17,-70.00,588
12.50,-72.06,588
12.67,-72.50,588
13.40,-75.00,588
14.89,-77.50,588
15.00,-77.94,588
15.32,-80.00,588
15.89,-82.50,588
15.79,-85.00,588
16.09,-87.50,588
16.55,-90.00,588
17.17,-92.50,588
17.27,-95.00,588
17.50,-97.45,588
20.00,-98.66,588
22.32,-100.00,588
22.23,-102.50,588
21.53,-105.00,588
20.54,-107.50,588
20.83,-110.00,588
20.89,-112.50,588
21.48,-115.00,588
21.64,-117.50,588
21.05,-120.00,588
20.34,-122.50,588
20.00,-124.39,588
19.89,-125.00,588
19.86,-127.50,588
19.43,-130.00,588
19.30,-132.50,588
19.68,-135.00,588
20.00,-136.43,588
20.21,-137.50,588
20.32,-140.00,588
20.00,-142.11,588
19.94,-142.50,588
19.91,-145.00,588
20.00,-145.41,588
20.73,-147.50,588
22.50,-149.94,588
23.73,-147.50,588
25.00,-145.93,588
25.35,-145.00,588
26.40,-142.50,588
27.50,-140.23,588
28.28,-137.50,588
28.88,-135.00,588
29.37,-132.50,588
30.00,-130.13,588
30.59,-127.50,588
31.21,-125.00,588
32.31,-122.50,588
32.50,-121.70,588
32.86,-120.00,588
34.20,-117.50,588
35.00,-117.00,588
37.13,-115.00,588
37.50,-114.75,588
39.31,-112.50,588
40.00,-110.90,588
40.23,-110.00,588
40.42,-107.50,588
40.00,-105.75,588
39.79,-105.00,588
38.61,-102.50,588
37.82,-100.00,588
37.50,-99.00,588
36.82,-97.50,588
35.76,-95.00,588
35.00,-93.77,588
33.18,-92.50,588
32.50,-91.96,588
30.00,-92.48,588
28.41,-90.00,588
27.87,-87.50,588
27.50,-86.50,588
27.11,-85.00,588
27.15,-82.50,588
27.50,-81.17,588
27.67,-80.00,588
28.66,-77.50,588
30.00,-75.57,588
30.43,-75.00,588
31.90,-72.50,588
32.50,-70.46,588
32.64,-70.00,588
32.50,-69.48,588
31.64,-67.50,588
30.03,-65.00,588
28.26,-62.50,588
28.64,-60.00,588
29.62,-57.50,588
30.00,-56.78,588
30.67,-55.00,588
32.50,-52.72,588
35.00,-51.46,588
37.29,-50.00,588
40.00,-48.65,588
41.52,-47.50,588
42.50,-46.50,588
43.36,-45.00,588
44.23,-42.50,588
44.64,-40.00,588
44.67,-37.50,588
44.48,-35.00,588
44.01,-32.50,588
43.42,-30.00,588
42.69,-27.50,588
42.50,-26.79,588
41.77,-25.00,588
40.85,-22.50,588
40.00,-20.21,588
37.81,-17.50,588
37.50,-17.04,588
36.70,-15.00,588
36.93,-12.50,588
37.50,-10.07,588
38.17,-7.50,588
38.78,-5.00,588
39.36,-2.50,588
39.79,0.00,588

-11.14,0.00,588
-10.00,-2.38,588
-8.56,-5.00,588
-7.84,-7.50,588
-7.59,-10.00,588
-7.50,-10.40,588
-5.15,-12.50,588
-5.00,-13.31,588
-4.79,-12.50,588
-2.50,-11.15,588
-1.81,-12.50,588
-0.97,-15.00,588
-0.55,-17.50,588
0.00,-18.55,588
1.96,-20.00,588
2.50,-20.33,588
5.00,-20.16,588
7.50,-17.52,588
9.29,-20.00,588
10.00,-20.21,588
10.27,-17.50,588
10.12,-15.00,588
10.49,-12.50,588
11.81,-10.00,588
12.50,-9.36,588
13.45,-7.50,588
13.32,-5.00,588
13.72,-2.50,588
12.90,0.00,588

39.79,0.00,588
40.00,1.14,588
40.24,2.50,588
40.49,5.00,588
40.64,7.50,588
40.92,10.00,588
41.28,12.50,588
41.79,15.00,588
42.22,17.50,588
42.09,20.00,588
40.31,22.50,588
40.00,22.68,588
37.50,22.87,588
35.26,22.50,588
34.23,22.50,588
32.50,22.62,588
30.00,23.80,588
27.88,25.00,588
27.50,25.34,588
25.00,26.81,588
24.23,27.50,588
22.50,29.59,588
21.58,30.00,588
20.71,32.50,588
21.48,35.00,588
22.33,37.50,588
24.96,40.00,588
27.50,40.41,588
30.00,40.95,588
31.87,42.50,588
32.50,43.08,588
34.61,45.00,588
35.00,45.22,588
36.69,47.50,588
37.48,50.00,588
37.63,52.50,588
36.23,55.00,588
35.00,56.51,588
33.64,57.50,588
32.50,58.29,588
30.83,60.00,588
30.00,61.79,588
29.21,62.50,588
27.50,63.92,588
25.99,62.50,588
25.00,61.81,588
23.53,60.00,588
22.50,58.15,588
22.16,57.50,588
21.36,55.00,588
20.03,52.50,588
18.92,50.00,588
18.42,47.50,588
17.50,46.24,588
16.96,45.00,588
17.50,42.77,588
17.50,42.39,588
16.25,40.00,588
15.38,37.50,588
15.90,35.00,588
16.84,32.50,588
16.39,30.00,588
15.28,27.50,588
15.00,27.27,588
13.95,25.00,588
13.11,22.50,588
12.90,20.00,588
12.50,18.79,588
12.20,17.50,588
12.50,16.55,588
13.04,15.00,588
13.66,12.50,588
14.23,10.00,588
13.32,7.50,588
12.50,5.96,588
11.59,5.00,588
11.80,2.50,588
12.50,0.93,588
12.90,0.00,588

-11.14,0.00,588
-11.84,2.50,588
-12.50,3.66,588
-13.44,5.00,588
-14.32,7.50,588
-14.93,10.00,588
-16.27,12.50,588
-16.90,15.00,588
-17.50,15.58,588
-19.32,15.00,588
-19.02,12.50,588
-18.08,10.00,588
-17.64,7.50,588
-17.95,5.00,588
-17.79,2.50,588
-17.66,0.00,588

50.87,-172.50,588
51.42,-170.00,588
51.66,-167.50,588
51.12,-165.00,588
50.26,-162.50,588
50.00,-161.99,588
48.27,-160.00,588
47.50,-159.09,588
45.00,-158.73,588
42.95,-160.00,588
42.50,-160.44,588
41.44,-162.50,588
40.60,-165.00,588
40.05,-167.50,588
39.03,-170.00,588
37.50,-171.64,588
35.00,-172.27,588
32.50,-171.92,588
30.00,-171.17,588
27.50,-170.33,588
25.00,-170.28,588
22.50,-171.31,588
20.68,-172.50,588
20.00,-173.91,588
19.43,-175.00,588
17.50,-177.16,588
17.21,-177.50,588
16.86,180.00,588
15.36,177.50,588
15.00,176.51,588
14.43,175.00,588
13.87,172.50,588
14.82,170.00,588
14.38,167.50,588
15.00,165.87,588
15.73,165.00,588
15.00,163.98,588
14.33,162.50,588
12.50,160.39,588
12.33,160.00,588
12.50,159.56,588
14.37,157.50,588
14.67,155.00,588
12.77,152.50,588
12.50,151.83,588
11.32,150.00,588
10.00,148.97,588
9.60,147.50,588
10.00,147.02,588
11.31,145.00,588
12.50,143.63,588
14.69,145.00,588
15.00,146.17,588
17.50,145.51,588
18.84,147.50,588
18.05,150.00,588
17.51,152.50,588
15.15,155.00,588
15.34,157.50,588
16.19,160.00,588
16.42,162.50,588
17.50,163.28,588
20.00,164.99,588
22.50,166.81,588
23.44,167.50,588
25.00,168.55,588
27.50,169.88,588
30.00,171.43,588
31.90,172.50,588
32.50,172.91,588
35.00,174.72,588
35.45,175.00,588
37.50,176.66,588
38.83,177.50,588
40.00,178.33,588
42.50,179.71,588
42.98,180.00,588
45.00,-178.14,588
46.11,-177.50,588
47.50,-176.49,588
49.42,-175.00,588
50.00,-174.23,588
50.87,-172.50,588

43.34,142.50,588
43.33,145.00,588
42.50,145.85,588
40.00,146.45,588
37.50,146.18,588
35.00,145.57,588
32.87,145.00,588
32.50,144.84,588
30.00,144.02,588
27.50,143.53,588
25.00,142.85,588
24.70,142.50,588
24.57,140.00,588
24.46,137.50,588
24.62,135.00,588
25.00,132.99,588
25.10,132.50,588
27.50,130.74,588
30.00,131.19,588
32.50,132.26,588
32.99,132.50,588
35.00,133.26,588
37.50,134.83,588
40.00,137.10,588
40.39,137.50,588
42.43,140.00,588
43.34,142.50,588

15.30,-12.50,588
15.00,-11.88,588
14.46,-12.50,588
15.00,-12.93,588
15.30,-12.50,588

12.77,-30.00,588
13.80,-27.50,588
12.50,-25.62,588
10.00,-27.02,588
9.61,-27.50,588
9.30,-30.00,588
9.23,-32.50,588
10.00,-32.90,588
12.40,-32.50,588
12.77,-30.00,588

3.34,-45.00,588
3.65,-42.50,588
2.95,-40.00,588
2.50,-39.40,588
2.05,-40.00,588
1.70,-42.50,588
1.71,-45.00,588
2.50,-46.39,588
3.34,-45.00,588

-16.73,50.00,588
-16.46,52.50,588
-17.46,55.00,588
-20.00,56.93,588
-22.34,55.00,588
-22.50,54.60,588
-22.78,52.50,588
-22.61,50.00,588
-20.65,47.50,588
-20.00,46.73,588
-18.03,47.50,588
-17.50,47.93,588
-16.73,50.00,588

37.64,-40.00,594
39.50,-37.50,594
39.12,-35.00,594
37.50,-32.93,594
36.45,-32.50,594
35.00,-31.96,594
32.50,-31.15,594
30.00,-30.53,594
27.50,-31.01,594
25.00,-32.00,594
24.49,-32.50,594
23.86,-35.00,594
24.62,-37.50,594
25.00,-37.82,594
27.50,-38.35,594
30.00,-38.82,594
32.50,-39.68,594
33.31,-40.00,594
35.00,-40.50,594
37.50,-40.12,594
37.64,-40.00,594

[Latitude],[Longitude],[HI=1/LO=0],[Value]
-62.42,25.76,0,485
-74.63,62.15,1,487
-60.93,86.16,0,491
-39.71,-133.87,0,539
61.91,155.65,0,545
47.56,121.36,0,551
60.02,81.13,0,557
50.11,167.78,0,563
57.17,116.48,1,571
-31.21,-41.17,0,569
34.10,-80.00,0,581
11.35,-29.82,0,587
2.64,-42.87,0,587
-19.59,51.40,1,589
31.98,-35.95,1,595
