[Latitude],[Longitude],[Value]
-77.50,134.53,486
-77.08,135.00,486
-75.00,136.96,486
-73.76,137.50,486
-72.50,138.17,486
-70.95,140.00,486
-70.00,141.30,486
-69.67,142.50,486
-68.81,145.00,486
-67.50,147.28,486
-66.90,150.00,486
-66.27,152.50,486
-65.62,155.00,486
-65.00,157.27,486
-64.50,160.00,486
-64.10,162.50,486
-63.76,165.00,486
-63.48,167.50,486
-63.41,170.00,486
-63.67,172.50,486
-64.12,175.00,486
-64.11,177.50,486
-63.32,180.00,486
-62.94,-177.50,486
-63.99,-175.00,486
-65.00,-173.25,486
-65.50,-172.50,486
-66.52,-170.00,486
-67.28,-167.50,486
-68.61,-165.00,486
-70.00,-162.87,486
-72.50,-162.65,486
-74.84,-160.00,486
-75.51,-157.50,486
-76.44,-155.00,486
-77.50,-154.20,486

-49.72,102.50,486
-49.62,105.00,486
-50.00,106.41,486
-50.86,107.50,486
-52.50,108.52,486
-53.82,107.50,486
-55.00,105.94,486
-55.71,105.00,486
-56.74,102.50,486
-56.28,100.00,486
-55.00,98.01,486
-52.50,97.58,486
-50.13,100.00,486
-50.00,100.55,486
-49.72,102.50,486

-56.12,12.50,486
-55.29,15.00,486
-55.81,17.50,486
-56.86,20.00,486
-57.50,21.38,486
-58.35,22.50,486
-60.00,24.99,486
-62.16,27.50,486
-62.50,28.08,486
-65.00,29.32,486
-66.11,27.50,486
-66.34,25.00,486
-66.24,22.50,486
-65.97,20.00,486
-65.52,17.50,486
-65.00,15.24,486
-64.00,12.50,486
-62.50,10.06,486
-60.00,9.68,486
-59.23,10.00,486
-57.50,11.00,486
-56.12,12.50,486

-58.85,82.50,486
-58.30,85.00,486
-59.13,87.50,486
-60.00,88.16,486
-61.74,87.50,486
-62.50,86.86,486
-63.38,85.00,486
-63.70,82.50,486
-62.77,80.00,486
-61.68,80.00,486
-60.00,80.56,486
-58.85,82.50,486

-61.82,-92.50,486
-62.06,-90.00,486
-62.50,-89.04,486
-63.60,-90.00,486
-63.59,-92.50,486
-62.50,-93.38,486
-61.82,-92.50,486

-69.21,32.50,486
-69.03,35.00,486
-69.05,37.50,486
-69.33,40.00,486
-69.61,42.50,486
-69.92,45.00,486
-70.66,42.50,486
-70.78,40.00,486
-70.76,37.50,486
-70.54,35.00,486
-70.28,32.50,486
-70.00,31.41,486
-69.21,32.50,486

-72.06,55.00,486
-71.46,57.50,486
-71.24,60.00,486
-71.17,62.50,486
-71.31,65.00,486
-71.72,67.50,486
-72.38,70.00,486
-72.85,70.00,486
-74.34,67.50,486
-74.65,65.00,486
-74.38,62.50,486
-73.88,60.00,486
-73.26,57.50,486
-72.70,55.00,486
-72.50,53.71,486
-72.06,55.00,486

-77.50,121.80,492
-77.00,122.50,492
-75.20,125.00,492
-72.50,125.87,492
-71.42,127.50,492
-70.00,129.43,492
-69.34,132.50,492
-68.62,135.00,492
-67.82,137.50,492
-67.50,138.41,492
-67.22,140.00,492
-66.77,142.50,492
-66.24,145.00,492
-65.64,147.50,492
-65.01,150.00,492
-64.51,152.50,492
-64.05,155.00,492
-63.62,157.50,492
-63.23,160.00,492
-62.87,162.50,492
-62.53,165.00,492
-62.22,167.50,492
-62.10,170.00,492
-62.20,172.50,492
-62.33,175.00,492
-62.21,177.50,492
-61.58,180.00,492
-61.43,-177.50,492
-62.11,-175.00,492
-62.50,-174.11,492
-63.43,-172.50,492
-64.47,-170.00,492
-65.00,-168.47,492
-65.32,-167.50,492
-66.17,-165.00,492
-67.12,-162.50,492
-67.50,-161.56,492
-68.47,-160.00,492
-69.68,-157.50,492
-70.00,-156.83,492
-71.45,-155.00,492
-72.45,-152.50,492
-73.11,-150.00,492
-74.11,-147.50,492
-75.00,-146.07,492
-77.50,-145.28,492

-49.10,97.50,492
-48.07,100.00,492
-47.53,102.50,492
-47.64,105.00,492
-48.46,107.50,492
-49.91,110.00,492
-52.50,111.55,492
-54.40,112.50,492
-55.00,112.90,492
-55.58,112.50,492
-57.50,110.22,492
-58.54,107.50,492
-59.06,105.00,492
-59.07,102.50,492
-58.68,100.00,492
-57.66,97.50,492
-55.80,95.00,492
-55.00,94.01,492
-52.50,93.89,492
-51.52,95.00,492
-50.00,95.96,492
-49.10,97.50,492

-54.50,10.00,492
-53.75,12.50,492
-53.78,15.00,492
-54.20,17.50,492
-55.00,19.87,492
-56.25,22.50,492
-57.50,24.76,492
-59.23,27.50,492
-60.00,28.76,492
-60.81,30.00,492
-61.98,32.50,492
-62.50,34.00,492
-63.00,35.00,492
-63.75,37.50,492
-64.16,40.00,492
-64.42,42.50,492
-64.62,45.00,492
-64.78,47.50,492
-64.89,50.00,492
-64.94,52.50,492
-65.00,54.89,492
-65.20,57.50,492
-65.43,60.00,492
-65.77,62.50,492
-66.36,65.00,492
-67.50,66.73,492
-67.82,67.50,492
-68.99,70.00,492
-70.00,71.80,492
-71.09,75.00,492
-72.50,77.24,492
-75.00,76.74,492
-75.78,75.00,492
-76.50,72.50,492
-76.88,70.00,492
-77.08,67.50,492
-77.16,65.00,492
-77.17,62.50,492
-77.11,60.00,492
-76.99,57.50,492
-76.79,55.00,492
-76.52,52.50,492
-76.22,50.00,492
-75.92,47.50,492
-75.63,45.00,492
-75.34,42.50,492
-75.01,40.00,492
-74.67,37.50,492
-74.34,35.00,492
-74.02,32.50,492
-73.63,30.00,492
-73.08,27.50,492
-72.50,25.78,492
-72.11,25.00,492
-71.10,22.50,492
-70.24,20.00,492
-70.00,19.07,492
-69.64,17.50,492
-69.01,15.00,492
-67.97,12.50,492
-67.50,11.76,492
-66.91,10.00,492
-65.51,7.50,492
-65.00,6.91,492
-62.50,5.71,492
-60.00,6.25,492
-57.50,7.31,492
-57.18,7.50,492
-55.00,9.18,492
-54.50,10.00,492

-54.94,85.00,492
-53.35,87.50,492
-55.00,89.98,492
-57.50,91.16,492
-60.00,92.12,492
-62.18,92.50,492
-62.81,92.50,492
-65.00,91.87,492
-66.42,90.00,492
-67.45,87.50,492
-67.73,85.00,492
-67.50,83.00,492
-66.92,80.00,492
-65.99,77.50,492
-65.00,75.94,492
-63.75,75.00,492
-62.50,73.86,492
-60.00,73.45,492
-58.76,75.00,492
-57.50,76.50,492
-57.08,77.50,492
-56.40,80.00,492
-55.77,82.50,492
-55.00,84.83,492
-54.94,85.00,492

-59.92,-95.00,492
-59.23,-92.50,492
-59.50,-90.00,492
-60.00,-88.11,492
-60.29,-87.50,492
-61.60,-85.00,492
-62.50,-83.33,492
-63.38,-82.50,492
-64.44,-80.00,492
-65.00,-79.08,492
-65.51,-80.00,492
-66.52,-82.50,492
-67.14,-85.00,492
-67.29,-87.50,492
-67.36,-90.00,492
-67.45,-92.50,492
-67.20,-95.00,492
-66.31,-97.50,492
-65.00,-98.62,492
-62.50,-97.76,492
-60.00,-95.15,492
-59.92,-95.00,492

-77.50,19.90,498
-75.00,18.27,498
-74.49,15.00,498
-74.19,12.50,498
-73.85,10.00,498
-73.22,7.50,498
-72.50,5.78,498
-71.89,5.00,498
-70.14,2.50,498
-67.50,0.68,498
-66.71,0.00,498

-77.50,89.08,498
-77.18,90.00,498
-76.48,92.50,498
-75.96,95.00,498
-75.53,97.50,498
-75.31,100.00,498
-75.44,102.50,498
-76.02,105.00,498
-77.50,106.09,498

-77.50,-133.53,498
-77.16,-135.00,498
-76.32,-137.50,498
-75.00,-139.81,498
-73.07,-142.50,498
-72.50,-143.27,498
-71.42,-145.00,498
-70.57,-147.50,498
-70.09,-150.00,498
-69.06,-152.50,498
-67.76,-155.00,498
-67.50,-155.58,498
-66.82,-157.50,498
-65.93,-160.00,498
-65.09,-162.50,498
-64.24,-165.00,498
-63.38,-167.50,498
-62.50,-169.84,498
-61.65,-172.50,498
-60.58,-175.00,498
-60.08,-177.50,498
-60.08,180.00,498
-60.63,177.50,498
-60.89,175.00,498
-60.88,172.50,498
-60.84,170.00,498
-60.92,167.50,498
-61.13,165.00,498
-61.44,162.50,498
-61.81,160.00,498
-62.22,157.50,498
-62.50,155.95,498
-62.64,155.00,498
-63.08,152.50,498
-63.57,150.00,498
-64.07,147.50,498
-64.61,145.00,498
-65.00,143.21,498
-65.17,142.50,498
-65.69,140.00,498
-66.14,137.50,498
-66.54,135.00,498
-66.93,132.50,498
-67.27,130.00,498
-67.50,128.38,498
-67.68,127.50,498
-68.05,125.00,498
-68.29,122.50,498
-68.45,120.00,498
-68.57,117.50,498
-68.69,115.00,498
-68.86,112.50,498
-69.05,110.00,498
-69.33,107.50,498
-69.50,105.00,498
-68.91,102.50,498
-67.50,101.16,498
-66.25,100.00,498
-65.00,99.43,498
-62.50,99.81,498
-62.13,102.50,498
-62.13,105.00,498
-62.38,107.50,498
-62.50,109.86,498
-60.00,112.25,498
-57.50,114.40,498
-56.67,115.00,498
-55.00,115.68,498
-53.26,115.00,498
-52.50,114.47,498
-50.05,112.50,498
-48.18,110.00,498
-47.50,108.86,498
-46.87,107.50,498
-46.27,105.00,498
-46.17,102.50,498
-46.47,100.00,498
-47.06,97.50,498
-47.50,95.76,498
-47.83,95.00,498
-48.22,92.50,498
-48.88,90.00,498
-50.00,87.51,498
-51.70,85.00,498
-52.50,82.69,498
-52.66,80.00,498
-52.78,77.50,498
-53.50,75.00,498
-54.31,72.50,498
-55.00,70.01,498
-56.65,67.50,498
-57.50,65.20,498
-59.16,62.50,498
-59.96,60.00,498
-60.90,57.50,498
-61.52,55.00,498
-61.88,52.50,498
-62.07,50.00,498
-62.18,47.50,498
-62.19,45.00,498
-62.09,42.50,498
-61.85,40.00,498
-61.39,37.50,498
-60.64,35.00,498
-60.00,33.39,498
-59.59,32.50,498
-58.11,30.00,498
-57.50,28.93,498
-56.55,27.50,498
-55.35,25.00,498
-55.00,24.15,498
-54.39,22.50,498
-53.55,20.00,498
-52.92,17.50,498
-52.50,15.36,498
-52.14,12.50,498
-52.36,10.00,498
-53.55,7.50,498
-55.00,5.98,498
-56.65,5.00,498
-57.50,4.39,498
-59.68,2.50,498
-60.00,2.05,498
-61.69,0.00,498

-77.50,-112.52,498
-75.00,-110.43,498
-74.14,-110.00,498
-72.50,-109.34,498
-70.36,-107.50,498
-70.00,-107.11,498
-67.89,-105.00,498
-67.50,-104.63,498
-65.00,-102.77,498
-62.50,-101.08,498
-61.44,-100.00,498
-60.00,-98.48,498
-59.37,-97.50,498
-58.21,-95.00,498
-57.79,-92.50,498
-57.86,-90.00,498
-58.31,-87.50,498
-59.02,-85.00,498
-59.94,-82.50,498
-60.57,-80.00,498
-61.46,-77.50,498
-62.50,-75.70,498
-63.29,-75.00,498
-65.00,-73.27,498
-67.50,-73.72,498
-68.33,-75.00,498
-69.63,-77.50,498
-70.00,-78.69,498
-71.53,-80.00,498
-72.50,-80.45,498
-72.86,-80.00,498
-74.75,-77.50,498
-76.61,-75.00,498
-77.50,-72.82,498

-66.71,0.00,498
-65.00,-1.25,498
-62.50,-1.48,498
-61.69,0.00,498

-77.50,-57.31,504
-76.76,-60.00,504
-76.08,-62.50,504
-75.19,-65.00,504
-74.36,-67.50,504
-73.38,-70.00,504
-72.50,-71.30,504
-71.40,-70.00,504
-70.05,-67.50,504
-67.50,-65.12,504
-66.13,-67.50,504
-65.00,-68.66,504
-64.26,-70.00,504
-62.56,-72.50,504
-60.83,-75.00,504
-60.00,-76.36,504
-59.39,-77.50,504
-58.35,-80.00,504
-57.50,-82.31,504
-56.94,-85.00,504
-56.53,-87.50,504
-56.28,-90.00,504
-56.27,-92.50,504
-56.44,-95.00,504
-57.05,-97.50,504
-57.50,-98.67,504
-58.21,-100.00,504
-60.00,-102.42,504
-62.50,-104.98,504
-64.82,-107.50,504
-67.26,-110.00,504
-69.62,-112.50,504
-70.00,-113.06,504
-71.64,-115.00,504
-72.50,-116.99,504
-73.32,-120.00,504
-73.66,-122.50,504
-73.96,-125.00,504
-74.12,-127.50,504
-73.98,-130.00,504
-73.47,-132.50,504
-72.59,-135.00,504
-70.94,-137.50,504
-70.00,-138.86,504
-68.43,-140.00,504
-67.50,-140.84,504
-65.98,-140.00,504
-65.00,-139.66,504
-64.88,-142.50,504
-65.00,-143.69,504
-65.32,-145.00,504
-65.77,-147.50,504
-66.31,-150.00,504
-65.96,-152.50,504
-65.11,-155.00,504
-64.36,-157.50,504
-63.68,-160.00,504
-63.06,-162.50,504
-62.50,-164.40,504
-61.62,-167.50,504
-60.87,-170.00,504
-60.06,-172.50,504
-59.10,-175.00,504
-58.58,-177.50,504
-58.65,180.00,504
-59.14,177.50,504
-59.47,175.00,504
-59.55,172.50,504
-59.56,170.00,504
-59.57,167.50,504
-59.64,165.00,504
-59.85,162.50,504
-60.00,161.58,504
-60.17,160.00,504
-60.52,157.50,504
-60.95,155.00,504
-61.45,152.50,504
-62.03,150.00,504
-62.50,148.22,504
-62.65,147.50,504
-63.16,145.00,504
-63.67,142.50,504
-64.14,140.00,504
-64.59,137.50,504
-64.99,135.00,504
-65.22,132.50,504
-65.33,130.00,504
-65.29,127.50,504
-65.06,125.00,504
-64.53,122.50,504
-63.65,120.00,504
-62.50,118.41,504
-61.47,117.50,504
-60.00,116.70,504
-57.50,116.94,504
-55.00,117.41,504
-52.50,116.76,504
-50.00,115.04,504
-48.02,112.50,504
-47.50,111.75,504
-46.67,110.00,504
-45.52,107.50,504
-45.00,105.24,504
-44.83,102.50,504
-45.00,100.41,504
-45.38,97.50,504
-45.60,95.00,504
-45.75,92.50,504
-46.74,90.00,504
-47.50,88.40,504
-47.98,87.50,504
-49.26,85.00,504
-49.86,82.50,504
-50.00,81.43,504
-50.24,80.00,504
-50.82,77.50,504
-51.54,75.00,504
-52.33,72.50,504
-53.48,70.00,504
-54.44,67.50,504
-55.00,66.14,504
-55.69,65.00,504
-56.79,62.50,504
-57.50,60.54,504
-57.80,60.00,504
-58.80,57.50,504
-59.45,55.00,504
-59.97,52.50,504
-60.36,50.00,504
-60.55,47.50,504
-60.56,45.00,504
-60.41,42.50,504
-60.05,40.00,504
-59.48,37.50,504
-58.53,35.00,504
-57.50,33.17,504
-57.19,32.50,504
-55.64,30.00,504
-55.00,29.15,504
-53.29,27.50,504
-52.50,25.79,504
-52.17,25.00,504
-52.24,22.50,504
-51.86,20.00,504
-51.36,17.50,504
-50.93,15.00,504
-50.68,12.50,504
-50.74,10.00,504
-51.30,7.50,504
-52.50,5.18,504
-55.00,2.99,504
-55.65,2.50,504
-57.50,0.53,504
-57.90,0.00,504

-77.30,0.00,504
-75.00,-0.32,504
-73.45,-2.50,504
-72.50,-3.32,504
-70.40,-5.00,504
-70.00,-5.25,504
-67.50,-6.31,504
-65.00,-6.48,504
-62.50,-5.96,504
-61.64,-5.00,504
-60.00,-2.78,504
-57.90,0.00,504

-77.50,-34.73,510
-77.09,-37.50,510
-76.65,-40.00,510
-76.06,-42.50,510
-75.52,-45.00,510
-75.00,-47.35,510
-74.35,-50.00,510
-73.86,-52.50,510
-73.22,-55.00,510
-72.72,-57.50,510
-72.50,-58.36,510
-71.88,-57.50,510
-70.00,-55.76,510
-67.50,-56.34,510
-67.08,-57.50,510
-65.93,-60.00,510
-65.00,-61.19,510
-64.61,-62.50,510
-64.10,-65.00,510
-63.09,-67.50,510
-62.50,-68.55,510
-61.85,-70.00,510
-60.29,-72.50,510
-60.00,-72.95,510
-58.93,-75.00,510
-57.59,-77.50,510
-56.53,-80.00,510
-55.66,-82.50,510
-55.06,-85.00,510
-55.00,-85.59,510
-54.81,-87.50,510
-54.66,-90.00,510
-54.66,-92.50,510
-54.63,-95.00,510
-54.87,-97.50,510
-55.00,-98.13,510
-55.54,-100.00,510
-56.71,-102.50,510
-57.50,-103.73,510
-58.58,-105.00,510
-60.00,-106.54,510
-60.91,-107.50,510
-62.50,-109.05,510
-63.39,-110.00,510
-65.00,-111.89,510
-65.53,-112.50,510
-67.16,-115.00,510
-67.50,-115.74,510
-68.36,-117.50,510
-69.09,-120.00,510
-69.51,-122.50,510
-69.67,-125.00,510
-69.56,-127.50,510
-68.95,-130.00,510
-67.60,-132.50,510
-65.00,-134.12,510
-64.32,-135.00,510
-62.82,-137.50,510
-62.50,-138.46,510
-62.19,-140.00,510
-62.07,-142.50,510
-61.99,-145.00,510
-62.10,-147.50,510
-62.50,-148.91,510
-62.87,-150.00,510
-63.17,-152.50,510
-62.76,-155.00,510
-62.50,-155.97,510
-62.08,-157.50,510
-61.40,-160.00,510
-60.93,-162.50,510
-60.48,-165.00,510
-60.02,-167.50,510
-59.31,-170.00,510
-58.61,-172.50,510
-57.64,-175.00,510
-57.50,-175.65,510
-57.24,-177.50,510
-57.32,180.00,510
-57.50,178.52,510
-57.70,177.50,510
-58.07,175.00,510
-58.23,172.50,510
-58.25,170.00,510
-58.10,167.50,510
-57.82,165.00,510
-57.50,163.03,510
-57.48,160.00,510
-58.14,157.50,510
-58.91,155.00,510
-59.61,152.50,510
-60.00,151.02,510
-60.21,150.00,510
-60.86,147.50,510
-61.54,145.00,510
-62.14,142.50,510
-62.50,140.52,510
-62.93,137.50,510
-63.16,135.00,510
-63.26,132.50,510
-63.19,130.00,510
-62.89,127.50,510
-62.50,125.89,510
-62.27,125.00,510
-61.28,122.50,510
-60.00,120.68,510
-58.69,120.00,510
-57.50,119.60,510
-55.00,119.29,510
-52.50,118.67,510
-50.22,117.50,510
-47.90,115.00,510
-47.50,114.48,510
-46.56,112.50,510
-45.30,110.00,510
-45.00,109.35,510
-44.33,107.50,510
-43.82,105.00,510
-43.57,102.50,510
-43.54,100.00,510
-43.57,97.50,510
-43.51,95.00,510
-43.98,92.50,510
-44.94,90.00,510
-46.11,87.50,510
-47.16,85.00,510
-47.50,83.89,510
-47.98,82.50,510
-48.69,80.00,510
-49.32,77.50,510
-50.00,75.27,510
-51.10,72.50,510
-52.08,70.00,510
-52.50,68.99,510
-53.17,67.50,510
-54.25,65.00,510
-55.00,63.19,510
-55.35,62.50,510
-56.37,60.00,510
-57.22,57.50,510
-57.50,56.43,510
-57.96,55.00,510
-58.53,52.50,510
-58.90,50.00,510
-59.09,47.50,510
-59.09,45.00,510
-58.89,42.50,510
-58.46,40.00,510
-57.71,37.50,510
-56.67,35.00,510
-55.45,32.50,510
-55.00,31.84,510
-53.59,30.00,510
-52.50,28.93,510
-51.05,27.50,510
-50.00,25.81,510
-49.55,25.00,510
-49.55,22.50,510
-49.71,20.00,510
-49.53,17.50,510
-49.16,15.00,510
-48.51,12.50,510
-48.44,10.00,510
-49.21,7.50,510
-50.00,5.43,510
-51.65,2.50,510
-52.50,1.35,510
-53.96,0.00,510

-77.50,-14.79,510
-76.84,-12.50,510
-75.68,-10.00,510
-75.00,-9.08,510
-72.50,-9.13,510
-70.00,-9.74,510
-68.26,-10.00,510
-67.50,-10.09,510
-66.91,-10.00,510
-65.00,-9.74,510
-62.50,-8.68,510
-61.23,-7.50,510
-60.00,-6.11,510
-58.69,-5.00,510
-57.50,-3.67,510
-56.24,-2.50,510
-55.00,-1.06,510
-53.96,0.00,510

-49.01,0.00,516
-50.00,-1.56,516
-50.61,-2.50,516
-52.50,-5.00,516
-55.00,-6.71,516
-57.01,-7.50,516
-57.50,-7.62,516
-60.00,-9.15,516
-60.93,-10.00,516
-62.50,-11.26,516
-64.72,-12.50,516
-67.50,-13.61,516
-70.00,-14.25,516
-71.60,-15.00,516
-72.50,-16.09,516
-73.20,-17.50,516
-73.69,-20.00,516
-73.81,-22.50,516
-73.84,-25.00,516
-73.73,-27.50,516
-73.52,-30.00,516
-73.22,-32.50,516
-72.79,-35.00,516
-72.50,-36.60,516
-72.28,-37.50,516
-71.59,-40.00,516
-70.60,-42.50,516
-70.00,-43.42,516
-69.61,-45.00,516
-68.91,-47.50,516
-67.51,-50.00,516
-66.41,-52.50,516
-65.04,-55.00,516
-64.51,-57.50,516
-63.70,-60.00,516
-63.08,-62.50,516
-62.50,-64.22,516
-62.25,-65.00,516
-61.27,-67.50,516
-60.00,-69.78,516
-58.64,-72.50,516
-57.50,-74.44,516
-57.22,-75.00,516
-56.06,-77.50,516
-55.00,-79.75,516
-53.86,-82.50,516
-53.08,-85.00,516
-52.79,-87.50,516
-52.78,-90.00,516
-52.75,-92.50,516
-52.78,-95.00,516
-52.97,-97.50,516
-53.40,-100.00,516
-54.05,-102.50,516
-55.00,-104.80,516
-57.04,-107.50,516
-57.50,-107.99,516
-59.63,-110.00,516
-60.00,-110.35,516
-62.11,-112.50,516
-62.50,-112.96,516
-63.95,-115.00,516
-65.00,-117.11,516
-66.07,-120.00,516
-66.52,-122.50,516
-66.53,-125.00,516
-66.10,-127.50,516
-65.00,-129.90,516
-63.29,-132.50,516
-62.50,-133.51,516
-61.81,-135.00,516
-60.91,-137.50,516
-60.35,-140.00,516
-60.00,-142.19,516
-59.57,-145.00,516
-59.38,-147.50,516
-59.60,-150.00,516
-60.00,-152.25,516
-60.03,-155.00,516
-59.60,-157.50,516
-58.93,-160.00,516
-58.57,-162.50,516
-58.43,-165.00,516
-58.28,-167.50,516
-57.79,-170.00,516
-57.50,-171.12,516
-57.20,-172.50,516
-56.56,-175.00,516
-56.32,-177.50,516
-56.41,180.00,516
-56.65,177.50,516
-56.87,175.00,516
-56.98,172.50,516
-56.99,170.00,516
-56.82,167.50,516
-56.59,165.00,516
-56.35,162.50,516
-56.19,160.00,516
-56.09,157.50,516
-56.31,155.00,516
-57.18,152.50,516
-57.50,151.73,516
-57.98,150.00,516
-58.81,147.50,516
-59.74,145.00,516
-60.00,144.17,516
-60.44,142.50,516
-60.93,140.00,516
-61.27,137.50,516
-61.44,135.00,516
-61.43,132.50,516
-61.18,130.00,516
-60.49,127.50,516
-60.00,125.92,516
-59.68,125.00,516
-57.68,122.50,516
-55.00,121.37,516
-52.50,120.47,516
-51.62,120.00,516
-50.00,119.15,516
-47.69,117.50,516
-46.51,115.00,516
-45.30,112.50,516
-45.00,111.92,516
-44.17,110.00,516
-43.24,107.50,516
-42.68,105.00,516
-42.50,103.71,516
-42.27,102.50,516
-41.97,100.00,516
-41.76,97.50,516
-41.82,95.00,516
-42.45,92.50,516
-43.41,90.00,516
-44.45,87.50,516
-45.00,86.06,516
-45.48,85.00,516
-46.48,82.50,516
-47.27,80.00,516
-47.50,79.30,516
-48.08,77.50,516
-48.95,75.00,516
-49.88,72.50,516
-50.89,70.00,516
-51.99,67.50,516
-52.50,66.23,516
-53.05,65.00,516
-54.12,62.50,516
-55.00,60.16,516
-55.97,57.50,516
-56.65,55.00,516
-57.15,52.50,516
-57.50,50.08,516
-57.71,47.50,516
-57.69,45.00,516
-57.50,43.18,516
-57.42,42.50,516
-56.81,40.00,516
-56.01,37.50,516
-55.05,35.00,516
-53.44,32.50,516
-52.50,31.23,516
-51.68,30.00,516
-50.00,28.35,516
-49.29,27.50,516
-47.83,25.00,516
-47.50,23.55,516
-47.27,22.50,516
-47.29,20.00,516
-47.26,17.50,516
-46.99,15.00,516
-46.33,12.50,516
-46.30,10.00,516
-46.90,7.50,516
-47.50,5.30,516
-48.23,2.50,516
-49.01,0.00,516

-42.81,0.00,522
-42.50,-1.57,522
-42.36,-2.50,522
-44.02,-5.00,522
-45.00,-7.20,522
-47.50,-9.57,522
-47.88,-10.00,522
-50.00,-12.13,522
-50.35,-12.50,522
-52.50,-14.72,522
-55.00,-14.25,522
-56.81,-12.50,522
-57.50,-12.05,522
-60.00,-12.39,522
-62.50,-14.10,522
-63.86,-15.00,522
-65.00,-15.96,522
-66.83,-17.50,522
-67.50,-18.63,522
-68.32,-20.00,522
-68.95,-22.50,522
-69.11,-25.00,522
-68.94,-27.50,522
-68.78,-30.00,522
-68.58,-32.50,522
-68.38,-35.00,522
-68.07,-37.50,522
-67.72,-40.00,522
-67.50,-41.40,522
-67.39,-42.50,522
-67.09,-45.00,522
-66.53,-47.50,522
-65.62,-50.00,522
-65.00,-51.13,522
-64.51,-52.50,522
-63.83,-55.00,522
-63.01,-57.50,522
-62.50,-58.83,522
-62.13,-60.00,522
-61.64,-62.50,522
-60.78,-65.00,522
-60.00,-66.80,522
-59.69,-67.50,522
-58.51,-70.00,522
-57.50,-71.82,522
-57.12,-72.50,522
-55.85,-75.00,522
-55.00,-76.68,522
-54.56,-77.50,522
-53.36,-80.00,522
-52.50,-81.74,522
-52.05,-82.50,522
-50.84,-85.00,522
-50.01,-87.50,522
-50.00,-88.11,522
-49.96,-90.00,522
-50.21,-92.50,522
-50.38,-95.00,522
-50.68,-97.50,522
-51.16,-100.00,522
-51.78,-102.50,522
-52.50,-104.79,522
-53.84,-107.50,522
-55.00,-109.03,522
-55.90,-110.00,522
-57.50,-111.56,522
-58.50,-112.50,522
-60.00,-113.95,522
-60.90,-115.00,522
-62.46,-117.50,522
-63.45,-120.00,522
-63.93,-122.50,522
-63.91,-125.00,522
-63.51,-127.50,522
-62.50,-129.87,522
-61.26,-132.50,522
-60.12,-135.00,522
-59.13,-137.50,522
-58.35,-140.00,522
-57.77,-142.50,522
-57.50,-144.09,522
-57.31,-145.00,522
-56.82,-147.50,522
-56.37,-150.00,522
-56.33,-152.50,522
-56.62,-155.00,522
-56.61,-157.50,522
-56.14,-160.00,522
-55.92,-162.50,522
-56.17,-165.00,522
-56.46,-167.50,522
-56.23,-170.00,522
-55.88,-172.50,522
-55.52,-175.00,522
-55.40,-177.50,522
-55.50,180.00,522
-55.67,177.50,522
-55.80,175.00,522
-55.82,172.50,522
-55.79,170.00,522
-55.67,167.50,522
-55.49,165.00,522
-55.24,162.50,522
-55.00,160.69,522
-54.90,160.00,522
-54.53,157.50,522
-54.38,155.00,522
-54.51,152.50,522
-55.00,150.24,522
-56.51,147.50,522
-57.50,145.52,522
-57.72,145.00,522
-58.64,142.50,522
-59.21,140.00,522
-59.55,137.50,522
-59.72,135.00,522
-59.64,132.50,522
-59.15,130.00,522
-58.34,127.50,522
-57.50,125.81,522
-56.85,125.00,522
-55.00,123.67,522
-53.08,122.50,522
-52.50,122.24,522
-50.00,120.83,522
-48.87,120.00,522
-47.50,118.98,522
-46.36,117.50,522
-45.27,115.00,522
-45.00,114.44,522
-44.06,112.50,522
-43.11,110.00,522
-42.50,108.39,522
-42.15,107.50,522
-41.42,105.00,522
-40.75,102.50,522
-40.23,100.00,522
-40.03,97.50,522
-40.48,95.00,522
-41.23,92.50,522
-42.05,90.00,522
-42.50,88.71,522
-43.04,87.50,522
-44.12,85.00,522
-45.00,82.75,522
-46.05,80.00,522
-46.91,77.50,522
-47.50,75.86,522
-47.82,75.00,522
-48.83,72.50,522
-49.76,70.00,522
-50.00,69.42,522
-50.91,67.50,522
-51.93,65.00,522
-52.50,63.58,522
-52.97,62.50,522
-53.90,60.00,522
-54.74,57.50,522
-55.00,56.55,522
-55.43,55.00,522
-55.92,52.50,522
-56.22,50.00,522
-56.31,47.50,522
-56.16,45.00,522
-55.74,42.50,522
-55.05,40.00,522
-54.22,37.50,522
-52.92,35.00,522
-52.50,34.34,522
-51.37,32.50,522
-50.00,30.35,522
-47.74,27.50,522
-47.50,27.11,522
-46.30,25.00,522
-45.61,22.50,522
-45.30,20.00,522
-45.21,17.50,522
-45.00,15.42,522
-44.51,12.50,522
-44.45,10.00,522
-44.85,7.50,522
-45.00,6.37,522
-45.18,5.00,522
-45.00,4.14,522
-44.60,2.50,522
-42.81,0.00,522

-40.78,0.00,528
-40.07,-2.50,528
-40.38,-5.00,528
-41.71,-7.50,528
-42.50,-8.49,528
-43.93,-10.00,528
-45.00,-11.04,528
-46.73,-12.50,528
-47.50,-13.24,528
-49.12,-15.00,528
-50.00,-15.93,528
-51.64,-17.50,528
-52.50,-18.24,528
-55.00,-18.49,528
-56.50,-17.50,528
-57.50,-16.55,528
-60.00,-16.25,528
-62.20,-17.50,528
-64.32,-20.00,528
-65.00,-21.78,528
-65.22,-22.50,528
-65.26,-25.00,528
-65.11,-27.50,528
-65.27,-30.00,528
-65.48,-32.50,528
-65.60,-35.00,528
-65.56,-37.50,528
-65.49,-40.00,528
-65.46,-42.50,528
-65.27,-45.00,528
-65.00,-46.26,528
-64.69,-47.50,528
-63.92,-50.00,528
-63.27,-52.50,528
-62.63,-55.00,528
-61.53,-57.50,528
-60.87,-60.00,528
-60.25,-62.50,528
-60.00,-63.19,528
-59.23,-65.00,528
-58.22,-67.50,528
-57.50,-69.11,528
-57.02,-70.00,528
-55.71,-72.50,528
-55.00,-73.93,528
-54.37,-75.00,528
-53.09,-77.50,528
-52.50,-78.70,528
-51.68,-80.00,528
-50.21,-82.50,528
-48.36,-85.00,528
-47.50,-86.19,528
-45.76,-87.50,528
-45.00,-88.88,528
-44.01,-90.00,528
-45.00,-91.42,528
-45.57,-92.50,528
-47.01,-95.00,528
-47.50,-96.29,528
-47.81,-97.50,528
-48.57,-100.00,528
-49.32,-102.50,528
-50.00,-104.33,528
-50.22,-105.00,528
-51.17,-107.50,528
-52.37,-110.00,528
-54.53,-112.50,528
-55.00,-112.93,528
-57.48,-115.00,528
-59.48,-117.50,528
-60.00,-118.44,528
-60.74,-120.00,528
-61.35,-122.50,528
-61.46,-125.00,528
-61.25,-127.50,528
-60.53,-130.00,528
-60.00,-131.29,528
-59.48,-132.50,528
-58.38,-135.00,528
-57.50,-137.15,528
-56.23,-140.00,528
-55.24,-142.50,528
-55.00,-143.60,528
-54.67,-145.00,528
-54.09,-147.50,528
-53.50,-150.00,528
-53.24,-152.50,528
-53.31,-155.00,528
-53.48,-157.50,528
-53.11,-160.00,528
-53.12,-162.50,528
-53.89,-165.00,528
-54.55,-167.50,528
-54.62,-170.00,528
-54.44,-172.50,528
-54.24,-175.00,528
-54.20,-177.50,528
-54.35,180.00,528
-54.53,177.50,528
-54.63,175.00,528
-54.57,172.50,528
-54.51,170.00,528
-54.40,167.50,528
-54.23,165.00,528
-53.98,162.50,528
-53.68,160.00,528
-53.39,157.50,528
-53.20,155.00,528
-53.11,152.50,528
-53.36,150.00,528
-54.26,147.50,528
-55.00,146.05,528
-55.58,145.00,528
-56.67,142.50,528
-57.38,140.00,528
-57.50,138.97,528
-57.65,137.50,528
-57.70,135.00,528
-57.50,132.50,528
-56.90,130.00,528
-55.72,127.50,528
-55.00,126.64,528
-53.48,125.00,528
-52.50,124.35,528
-50.14,122.50,528
-47.50,120.59,528
-46.92,120.00,528
-45.13,117.50,528
-43.98,115.00,528
-42.82,112.50,528
-42.50,111.56,528
-41.96,110.00,528
-41.04,107.50,528
-40.13,105.00,528
-40.00,104.60,528
-39.55,102.50,528
-39.25,100.00,528
-39.19,97.50,528
-39.46,95.00,528
-40.00,92.53,528
-40.94,90.00,528
-41.84,87.50,528
-42.50,85.82,528
-42.87,85.00,528
-43.91,82.50,528
-44.83,80.00,528
-45.00,79.58,528
-45.80,77.50,528
-46.73,75.00,528
-47.50,73.15,528
-47.77,72.50,528
-48.80,70.00,528
-49.82,67.50,528
-50.87,65.00,528
-51.81,62.50,528
-52.50,60.66,528
-52.75,60.00,528
-53.52,57.50,528
-54.14,55.00,528
-54.62,52.50,528
-54.90,50.00,528
-54.89,47.50,528
-54.57,45.00,528
-54.04,42.50,528
-53.28,40.00,528
-52.50,38.03,528
-52.27,37.50,528
-50.92,35.00,528
-50.00,33.53,528
-49.40,32.50,528
-47.88,30.00,528
-47.50,29.52,528
-46.19,27.50,528
-45.00,25.35,528
-44.09,22.50,528
-43.68,20.00,528
-43.44,17.50,528
-43.12,15.00,528
-42.69,12.50,528
-42.50,10.89,528
-42.38,10.00,528
-42.30,7.50,528
-42.25,5.00,528
-41.82,2.50,528
-40.78,0.00,528

-38.84,0.00,534
-38.30,-2.50,534
-38.28,-5.00,534
-39.13,-7.50,534
-40.00,-8.86,534
-40.90,-10.00,534
-42.50,-11.63,534
-43.39,-12.50,534
-45.00,-14.39,534
-45.64,-15.00,534
-47.50,-16.99,534
-47.98,-17.50,534
-50.00,-19.35,534
-50.76,-20.00,534
-52.50,-21.36,534
-55.00,-21.70,534
-57.50,-21.08,534
-60.00,-21.88,534
-60.53,-22.50,534
-61.36,-25.00,534
-61.43,-27.50,534
-62.06,-30.00,534
-62.50,-31.57,534
-62.71,-32.50,534
-63.04,-35.00,534
-63.18,-37.50,534
-63.16,-40.00,534
-63.08,-42.50,534
-62.86,-45.00,534
-62.55,-47.50,534
-62.00,-50.00,534
-61.26,-52.50,534
-60.63,-55.00,534
-60.08,-57.50,534
-59.18,-60.00,534
-58.34,-62.50,534
-57.57,-65.00,534
-56.39,-67.50,534
-55.24,-70.00,534
-55.00,-70.55,534
-53.94,-72.50,534
-52.71,-75.00,534
-52.50,-75.44,534
-51.15,-77.50,534
-50.00,-79.58,534
-49.69,-80.00,534
-47.71,-82.50,534
-45.00,-84.83,534
-44.66,-85.00,534
-42.50,-85.99,534
-40.00,-87.20,534
-39.48,-87.50,534
-38.88,-90.00,534
-39.56,-92.50,534
-40.00,-93.08,534
-41.90,-95.00,534
-42.50,-95.57,534
-44.06,-97.50,534
-45.00,-98.79,534
-45.62,-100.00,534
-46.63,-102.50,534
-47.46,-105.00,534
-48.51,-107.50,534
-49.77,-110.00,534
-50.00,-110.39,534
-51.23,-112.50,534
-52.50,-113.99,534
-53.59,-115.00,534
-55.00,-116.40,534
-56.11,-117.50,534
-57.50,-119.53,534
-57.77,-120.00,534
-58.56,-122.50,534
-58.92,-125.00,534
-58.95,-127.50,534
-58.35,-130.00,534
-57.50,-132.39,534
-56.37,-135.00,534
-55.26,-137.50,534
-55.00,-138.07,534
-53.97,-140.00,534
-52.65,-142.50,534
-52.50,-143.00,534
-51.88,-145.00,534
-51.52,-147.50,534
-51.09,-150.00,534
-50.91,-152.50,534
-50.82,-155.00,534
-50.87,-157.50,534
-50.92,-160.00,534
-51.27,-162.50,534
-51.91,-165.00,534
-52.50,-167.07,534
-52.82,-170.00,534
-52.78,-172.50,534
-52.72,-175.00,534
-52.78,-177.50,534
-52.91,180.00,534
-53.04,177.50,534
-53.10,175.00,534
-53.09,172.50,534
-53.05,170.00,534
-52.98,167.50,534
-52.85,165.00,534
-52.67,162.50,534
-52.50,160.53,534
-52.43,160.00,534
-52.06,157.50,534
-51.71,155.00,534
-51.46,152.50,534
-51.52,150.00,534
-52.18,147.50,534
-52.50,146.84,534
-53.29,145.00,534
-54.39,142.50,534
-55.00,140.59,534
-55.15,140.00,534
-55.38,137.50,534
-55.38,135.00,534
-55.09,132.50,534
-54.19,130.00,534
-52.75,127.50,534
-50.57,125.00,534
-50.00,124.56,534
-47.90,122.50,534
-47.50,122.21,534
-45.33,120.00,534
-45.00,119.53,534
-43.82,117.50,534
-42.68,115.00,534
-42.50,114.61,534
-41.63,112.50,534
-40.68,110.00,534
-40.00,107.75,534
-39.14,105.00,534
-38.65,102.50,534
-38.39,100.00,534
-38.37,97.50,534
-38.63,95.00,534
-39.13,92.50,534
-39.86,90.00,534
-40.00,89.59,534
-40.78,87.50,534
-41.71,85.00,534
-42.50,83.02,534
-42.72,82.50,534
-43.69,80.00,534
-44.66,77.50,534
-45.00,76.73,534
-45.67,75.00,534
-46.67,72.50,534
-47.50,70.80,534
-47.84,70.00,534
-48.70,67.50,534
-49.77,65.00,534
-50.00,64.40,534
-50.64,62.50,534
-51.44,60.00,534
-52.25,57.50,534
-52.50,56.45,534
-52.80,55.00,534
-53.11,52.50,534
-53.26,50.00,534
-53.20,47.50,534
-52.87,45.00,534
-52.50,43.30,534
-52.31,42.50,534
-51.43,40.00,534
-50.32,37.50,534
-50.00,36.91,534
-49.00,35.00,534
-47.53,32.50,534
-46.15,30.00,534
-45.00,28.13,534
-44.68,27.50,534
-43.41,25.00,534
-42.65,22.50,534
-42.50,21.76,534
-42.12,20.00,534
-41.71,17.50,534
-41.27,15.00,534
-40.76,12.50,534
-40.18,10.00,534
-40.00,9.28,534
-39.56,7.50,534
-39.39,5.00,534
-39.30,2.50,534
-38.84,0.00,534

68.77,0.00,534
69.84,-2.50,534
70.88,-5.00,534
71.55,-7.50,534
72.13,-10.00,534
72.50,-11.55,534
72.83,-12.50,534
73.66,-15.00,534
74.48,-17.50,534
75.00,-19.11,534
75.76,-20.00,534
77.50,-21.95,534

77.50,12.85,534
75.00,10.01,534
72.50,8.88,534
70.00,8.55,534
68.93,7.50,534
67.84,5.00,534
67.97,2.50,534
68.77,0.00,534

-36.80,0.00,540
-36.53,-2.50,540
-36.49,-5.00,540
-36.90,-7.50,540
-37.50,-9.06,540
-38.04,-10.00,540
-40.00,-12.38,540
-42.40,-15.00,540
-44.56,-17.50,540
-45.00,-17.92,540
-47.25,-20.00,540
-50.00,-22.42,540
-52.50,-24.54,540
-53.37,-25.00,540
-55.00,-26.21,540
-56.47,-27.50,540
-57.50,-28.73,540
-58.34,-30.00,540
-59.47,-32.50,540
-59.93,-35.00,540
-59.96,-37.50,540
-59.89,-40.00,540
-59.83,-42.50,540
-59.51,-45.00,540
-58.89,-47.50,540
-58.14,-50.00,540
-57.50,-51.83,540
-57.29,-52.50,540
-56.57,-55.00,540
-55.62,-57.50,540
-55.00,-58.92,540
-54.59,-60.00,540
-54.54,-62.50,540
-54.05,-65.00,540
-53.41,-67.50,540
-52.59,-70.00,540
-51.15,-72.50,540
-50.00,-74.89,540
-48.18,-77.50,540
-47.50,-78.49,540
-45.92,-80.00,540
-45.00,-80.85,540
-42.74,-82.50,540
-40.00,-83.72,540
-37.50,-84.72,540
-37.08,-85.00,540
-35.00,-86.83,540
-34.51,-87.50,540
-34.33,-90.00,540
-34.91,-92.50,540
-36.63,-95.00,540
-37.50,-95.76,540
-39.55,-97.50,540
-40.00,-97.92,540
-41.95,-100.00,540
-42.50,-100.62,540
-43.80,-102.50,540
-45.00,-104.98,540
-45.98,-107.50,540
-47.02,-110.00,540
-47.50,-110.91,540
-48.48,-112.50,540
-50.00,-114.59,540
-50.35,-115.00,540
-52.50,-117.39,540
-54.42,-120.00,540
-55.00,-121.38,540
-55.44,-122.50,540
-56.06,-125.00,540
-56.31,-127.50,540
-55.85,-130.00,540
-55.06,-132.50,540
-53.88,-135.00,540
-52.68,-137.50,540
-51.40,-140.00,540
-50.24,-142.50,540
-50.00,-143.10,540
-49.15,-145.00,540
-48.78,-147.50,540
-48.65,-150.00,540
-48.69,-152.50,540
-48.77,-155.00,540
-48.92,-157.50,540
-49.17,-160.00,540
-49.67,-162.50,540
-50.00,-163.81,540
-50.30,-165.00,540
-50.87,-167.50,540
-51.12,-170.00,540
-51.17,-172.50,540
-51.10,-175.00,540
-50.97,-177.50,540
-50.65,180.00,540
-50.50,177.50,540
-50.79,175.00,540
-51.08,172.50,540
-51.17,170.00,540
-51.16,167.50,540
-51.00,165.00,540
-50.72,162.50,540
-50.37,160.00,540
-50.02,157.50,540
-49.34,155.00,540
-48.52,152.50,540
-47.50,150.62,540
-45.86,150.00,540
-45.00,149.74,540
-43.33,147.50,540
-42.50,145.88,540
-40.00,146.68,540
-38.75,145.00,540
-38.44,142.50,540
-39.36,140.00,540
-40.00,139.40,540
-40.80,140.00,540
-42.50,141.96,540
-45.00,142.00,540
-45.69,142.50,540
-47.50,144.91,540
-50.00,144.62,540
-50.90,142.50,540
-52.01,140.00,540
-52.50,137.98,540
-52.55,135.00,540
-52.00,132.50,540
-51.03,130.00,540
-50.00,127.89,540
-48.04,125.00,540
-47.50,124.47,540
-45.94,122.50,540
-45.00,121.54,540
-43.90,120.00,540
-42.50,117.50,540
-41.46,115.00,540
-40.46,112.50,540
-40.00,111.36,540
-39.49,110.00,540
-38.87,107.50,540
-38.18,105.00,540
-37.75,102.50,540
-37.52,100.00,540
-37.55,97.50,540
-37.79,95.00,540
-38.25,92.50,540
-38.86,90.00,540
-39.68,87.50,540
-40.00,86.65,540
-40.58,85.00,540
-41.49,82.50,540
-42.50,80.10,540
-43.46,77.50,540
-44.51,75.00,540
-45.00,73.93,540
-45.55,72.50,540
-46.63,70.00,540
-47.50,67.75,540
-48.43,65.00,540
-49.32,62.50,540
-50.00,60.35,540
-50.68,57.50,540
-51.19,55.00,540
-51.50,52.50,540
-51.61,50.00,540
-51.53,47.50,540
-51.13,45.00,540
-50.45,42.50,540
-50.00,41.26,540
-49.54,40.00,540
-48.41,37.50,540
-47.50,35.74,540
-47.15,35.00,540
-45.79,32.50,540
-45.00,31.04,540
-44.48,30.00,540
-43.27,27.50,540
-42.50,26.00,540
-42.03,25.00,540
-41.24,22.50,540
-40.54,20.00,540
-40.00,17.52,540
-39.42,15.00,540
-38.69,12.50,540
-38.02,10.00,540
-37.50,7.81,540
-36.97,5.00,540
-36.83,2.50,540
-36.80,0.00,540

64.70,0.00,540
65.00,-1.43,540
65.29,-2.50,540
66.05,-5.00,540
66.90,-7.50,540
67.50,-10.00,540
68.05,-12.50,540
68.48,-15.00,540
68.90,-17.50,540
69.14,-20.00,540
69.37,-22.50,540
69.45,-25.00,540
69.56,-27.50,540
69.59,-30.00,540
69.71,-32.50,540
69.79,-35.00,540
69.95,-37.50,540
70.00,-38.55,540
70.19,-40.00,540
70.61,-42.50,540
71.31,-45.00,540
71.96,-47.50,540
72.50,-48.13,540
75.00,-48.25,540
76.95,-47.50,540
77.50,-47.25,540

77.50,-132.07,540
76.96,-135.00,540
76.59,-137.50,540
76.33,-140.00,540
76.18,-142.50,540
76.15,-145.00,540
76.25,-147.50,540
76.50,-150.00,540
76.94,-152.50,540
77.50,-154.63,540

77.50,19.71,540
76.16,17.50,540
75.00,15.72,540
72.62,15.00,540
70.00,15.67,540
67.50,17.17,540
65.00,15.70,540
64.72,15.00,540
63.85,12.50,540
63.29,10.00,540
63.37,7.50,540
63.80,5.00,540
64.26,2.50,540
64.70,0.00,540

57.86,-45.00,540
57.50,-44.37,540
57.36,-45.00,540
57.50,-45.95,540
57.86,-45.00,540

-34.66,0.00,546
-34.75,-2.50,546
-34.80,-5.00,546
-35.00,-7.39,546
-35.66,-10.00,546
-37.06,-12.50,546
-37.50,-13.05,546
-39.30,-15.00,546
-40.00,-15.66,546
-41.80,-17.50,546
-42.50,-18.18,546
-44.44,-20.00,546
-45.00,-20.55,546
-47.07,-22.50,546
-47.50,-22.94,546
-49.62,-25.00,546
-50.00,-25.44,546
-52.00,-27.50,546
-52.50,-28.18,546
-54.12,-30.00,546
-55.00,-31.55,546
-55.50,-32.50,546
-56.35,-35.00,546
-56.81,-37.50,546
-56.97,-40.00,546
-56.83,-42.50,546
-56.56,-45.00,546
-56.11,-47.50,546
-55.34,-50.00,546
-55.00,-50.89,546
-54.28,-52.50,546
-53.05,-55.00,546
-52.50,-55.98,546
-51.50,-57.50,546
-50.00,-59.52,546
-49.60,-60.00,546
-47.50,-62.38,546
-45.43,-65.00,546
-45.00,-66.37,546
-44.71,-67.50,546
-45.00,-68.71,546
-45.63,-70.00,546
-45.73,-72.50,546
-45.00,-74.19,546
-44.52,-75.00,546
-42.50,-76.55,546
-41.44,-77.50,546
-40.00,-78.80,546
-39.15,-80.00,546
-37.50,-81.35,546
-36.18,-82.50,546
-35.00,-83.28,546
-33.75,-85.00,546
-32.50,-86.55,546
-32.06,-87.50,546
-31.81,-90.00,546
-32.20,-92.50,546
-32.50,-93.43,546
-33.43,-95.00,546
-35.00,-97.00,546
-35.56,-97.50,546
-37.50,-99.42,546
-38.11,-100.00,546
-40.00,-102.11,546
-40.35,-102.50,546
-42.13,-105.00,546
-42.50,-105.62,546
-43.33,-107.50,546
-44.55,-110.00,546
-45.00,-110.72,546
-45.88,-112.50,546
-47.50,-114.91,546
-49.34,-117.50,546
-50.00,-118.62,546
-50.90,-120.00,546
-51.91,-122.50,546
-52.50,-124.35,546
-52.70,-125.00,546
-53.08,-127.50,546
-52.87,-130.00,546
-52.50,-131.21,546
-51.94,-132.50,546
-50.57,-135.00,546
-50.00,-136.18,546
-49.01,-137.50,546
-47.86,-140.00,546
-47.50,-141.04,546
-46.71,-142.50,546
-45.84,-145.00,546
-45.24,-147.50,546
-45.10,-150.00,546
-45.66,-152.50,546
-46.32,-155.00,546
-46.98,-157.50,546
-47.50,-159.34,546
-47.60,-160.00,546
-48.04,-162.50,546
-48.57,-165.00,546
-49.05,-167.50,546
-49.32,-170.00,546
-49.38,-172.50,546
-49.26,-175.00,546
-49.01,-177.50,546
-48.74,180.00,546
-48.62,177.50,546
-48.65,175.00,546
-48.85,172.50,546
-48.98,170.00,546
-49.01,167.50,546
-48.83,165.00,546
-48.44,162.50,546
-47.72,160.00,546
-47.50,159.47,546
-46.10,157.50,546
-45.00,156.28,546
-43.71,155.00,546
-42.50,153.69,546
-41.70,152.50,546
-40.00,150.48,546
-39.73,150.00,546
-38.00,147.50,546
-37.50,146.78,546
-36.96,145.00,546
-36.65,142.50,546
-36.69,140.00,546
-37.19,137.50,546
-37.50,136.85,546
-39.26,135.00,546
-40.00,134.11,546
-42.50,134.85,546
-45.00,133.81,546
-45.87,132.50,546
-46.94,130.00,546
-46.80,127.50,546
-45.57,125.00,546
-45.00,124.22,546
-43.99,122.50,546
-42.51,120.00,546
-41.19,117.50,546
-40.26,115.00,546
-40.00,114.35,546
-39.23,112.50,546
-38.41,110.00,546
-37.80,107.50,546
-37.50,106.27,546
-37.15,105.00,546
-36.71,102.50,546
-36.50,100.00,546
-36.52,97.50,546
-36.76,95.00,546
-37.30,92.50,546
-37.50,91.77,546
-37.86,90.00,546
-38.48,87.50,546
-39.31,85.00,546
-40.00,83.23,546
-40.25,82.50,546
-41.16,80.00,546
-42.19,77.50,546
-42.50,76.79,546
-43.19,75.00,546
-44.24,72.50,546
-45.00,70.75,546
-45.29,70.00,546
-46.14,67.50,546
-47.02,65.00,546
-47.50,63.45,546
-47.78,62.50,546
-48.47,60.00,546
-49.04,57.50,546
-49.49,55.00,546
-49.80,52.50,546
-49.92,50.00,546
-49.85,47.50,546
-49.32,45.00,546
-48.61,42.50,546
-47.71,40.00,546
-47.50,39.55,546
-46.62,37.50,546
-45.43,35.00,546
-45.00,34.21,546
-44.17,32.50,546
-42.89,30.00,546
-42.50,29.12,546
-41.86,27.50,546
-40.74,25.00,546
-40.00,22.93,546
-39.85,22.50,546
-39.09,20.00,546
-38.38,17.50,546
-37.53,15.00,546
-36.78,12.50,546
-36.06,10.00,546
-35.41,7.50,546
-35.00,5.07,546
-34.70,2.50,546
-34.66,0.00,546

61.87,0.00,546
62.26,-2.50,546
62.50,-3.68,546
62.76,-5.00,546
63.26,-7.50,546
63.72,-10.00,546
64.22,-12.50,546
64.79,-15.00,546
65.00,-15.81,546
65.41,-17.50,546
65.83,-20.00,546
66.10,-22.50,546
66.22,-25.00,546
66.32,-27.50,546
66.27,-30.00,546
66.25,-32.50,546
65.98,-35.00,546
65.79,-37.50,546
65.49,-40.00,546
65.00,-42.12,546
64.50,-45.00,546
64.30,-47.50,546
63.43,-50.00,546
63.49,-52.50,546
64.36,-55.00,546
65.00,-56.32,546
65.42,-57.50,546
67.50,-59.65,546
68.61,-60.00,546
70.00,-60.27,546
72.50,-60.60,546
75.00,-60.97,546
77.50,-61.53,546

77.50,-118.18,546
77.23,-120.00,546
76.79,-122.50,546
76.28,-125.00,546
75.71,-127.50,546
75.14,-130.00,546
74.42,-132.50,546
73.77,-135.00,546
73.35,-137.50,546
73.14,-140.00,546
73.07,-142.50,546
73.08,-145.00,546
73.12,-147.50,546
73.16,-150.00,546
73.19,-152.50,546
73.25,-155.00,546
73.38,-157.50,546
73.67,-160.00,546
74.30,-162.50,546
75.00,-164.42,546
76.29,-167.50,546
77.50,-169.95,546

77.50,27.08,546
76.44,25.00,546
75.10,22.50,546
72.50,21.58,546
70.00,21.74,546
68.64,22.50,546
67.50,23.22,546
65.00,24.13,546
62.87,22.50,546
62.50,22.00,546
61.69,20.00,546
61.02,17.50,546
60.74,15.00,546
60.61,12.50,546
60.80,10.00,546
61.11,7.50,546
61.35,5.00,546
61.60,2.50,546
61.87,0.00,546

60.89,-50.00,546
61.68,-47.50,546
61.38,-45.00,546
60.71,-42.50,546
60.00,-41.91,546
57.50,-40.88,546
56.59,-42.50,546
56.16,-45.00,546
56.53,-47.50,546
57.43,-50.00,546
60.00,-50.54,546
60.89,-50.00,546

56.44,-7.50,546
55.63,-5.00,546
55.00,-4.62,546
54.72,-5.00,546
54.08,-7.50,546
55.00,-9.43,546
56.44,-7.50,546

-34.37,-140.00,546
-34.29,-137.50,546
-35.00,-135.91,546
-35.86,-135.00,546
-37.50,-133.18,546
-38.62,-132.50,546
-40.00,-132.01,546
-41.08,-132.50,546
-42.50,-134.58,546
-42.74,-135.00,546
-42.69,-137.50,546
-42.50,-137.94,546
-41.84,-140.00,546
-40.00,-141.73,546
-38.09,-142.50,546
-37.50,-142.71,546
-37.05,-142.50,546
-35.00,-141.35,546
-34.37,-140.00,546

-32.90,0.00,552
-32.89,-2.50,552
-32.96,-5.00,552
-33.20,-7.50,552
-33.69,-10.00,552
-34.60,-12.50,552
-35.00,-13.13,552
-36.50,-15.00,552
-37.50,-16.07,552
-39.00,-17.50,552
-40.00,-18.50,552
-41.54,-20.00,552
-42.50,-20.99,552
-44.03,-22.50,552
-45.00,-23.48,552
-46.48,-25.00,552
-47.50,-26.18,552
-48.63,-27.50,552
-50.00,-29.46,552
-50.41,-30.00,552
-51.90,-32.50,552
-52.50,-33.61,552
-53.26,-35.00,552
-54.04,-37.50,552
-54.22,-40.00,552
-54.10,-42.50,552
-53.90,-45.00,552
-53.30,-47.50,552
-52.50,-49.48,552
-52.28,-50.00,552
-51.20,-52.50,552
-50.00,-54.44,552
-49.60,-55.00,552
-47.63,-57.50,552
-45.76,-60.00,552
-45.00,-60.87,552
-43.99,-62.50,552
-42.51,-65.00,552
-41.51,-67.50,552
-40.49,-70.00,552
-40.00,-70.88,552
-39.10,-72.50,552
-37.50,-74.92,552
-36.21,-77.50,552
-35.00,-79.37,552
-34.68,-80.00,552
-32.93,-82.50,552
-32.50,-83.15,552
-31.76,-85.00,552
-30.77,-87.50,552
-30.51,-90.00,552
-30.82,-92.50,552
-31.56,-95.00,552
-32.50,-97.12,552
-32.79,-97.50,552
-34.66,-100.00,552
-35.00,-100.56,552
-36.60,-102.50,552
-37.50,-103.84,552
-38.38,-105.00,552
-39.73,-107.50,552
-40.00,-108.00,552
-41.35,-110.00,552
-42.50,-112.06,552
-42.76,-112.50,552
-44.33,-115.00,552
-45.00,-116.35,552
-45.70,-117.50,552
-46.93,-120.00,552
-47.50,-121.64,552
-47.75,-122.50,552
-47.78,-125.00,552
-47.50,-125.64,552
-45.00,-126.59,552
-44.46,-127.50,552
-42.50,-128.81,552
-40.00,-129.24,552
-38.34,-130.00,552
-37.50,-130.36,552
-35.00,-132.41,552
-33.32,-135.00,552
-32.50,-136.89,552
-32.28,-137.50,552
-32.06,-140.00,552
-32.48,-142.50,552
-33.93,-145.00,552
-35.00,-146.45,552
-36.15,-147.50,552
-37.50,-148.99,552
-38.40,-150.00,552
-39.01,-152.50,552
-40.00,-153.79,552
-41.15,-155.00,552
-42.50,-156.34,552
-43.25,-157.50,552
-44.74,-160.00,552
-45.00,-160.46,552
-45.72,-162.50,552
-46.41,-165.00,552
-46.94,-167.50,552
-47.04,-170.00,552
-46.88,-172.50,552
-46.70,-175.00,552
-46.58,-177.50,552
-46.61,180.00,552
-46.62,177.50,552
-46.60,175.00,552
-46.62,172.50,552
-46.67,170.00,552
-46.61,167.50,552
-46.33,165.00,552
-45.69,162.50,552
-45.00,161.33,552
-44.09,160.00,552
-42.50,158.01,552
-42.09,157.50,552
-40.00,155.08,552
-38.51,152.50,552
-37.50,150.62,552
-37.28,150.00,552
-36.25,147.50,552
-35.75,145.00,552
-35.56,142.50,552
-35.62,140.00,552
-36.04,137.50,552
-37.10,135.00,552
-37.50,134.38,552
-39.09,132.50,552
-40.00,131.35,552
-41.95,130.00,552
-42.50,129.01,552
-43.30,127.50,552
-42.82,125.00,552
-42.50,124.25,552
-41.85,122.50,552
-40.74,120.00,552
-40.00,117.97,552
-39.81,117.50,552
-38.76,115.00,552
-37.96,112.50,552
-37.50,110.76,552
-37.24,110.00,552
-36.50,107.50,552
-35.94,105.00,552
-35.61,102.50,552
-35.47,100.00,552
-35.48,97.50,552
-35.63,95.00,552
-35.98,92.50,552
-36.52,90.00,552
-37.20,87.50,552
-37.50,86.50,552
-37.88,85.00,552
-38.72,82.50,552
-39.71,80.00,552
-40.00,79.31,552
-40.66,77.50,552
-41.70,75.00,552
-42.50,73.10,552
-42.73,72.50,552
-43.70,70.00,552
-44.61,67.50,552
-45.00,66.33,552
-45.41,65.00,552
-46.12,62.50,552
-46.76,60.00,552
-47.34,57.50,552
-47.50,56.58,552
-47.75,55.00,552
-47.99,52.50,552
-48.04,50.00,552
-47.87,47.50,552
-47.50,45.43,552
-46.79,42.50,552
-45.96,40.00,552
-45.00,37.66,552
-43.84,35.00,552
-42.66,32.50,552
-41.48,30.00,552
-40.46,27.50,552
-40.00,26.41,552
-39.45,25.00,552
-38.58,22.50,552
-37.70,20.00,552
-37.50,19.40,552
-36.85,17.50,552
-36.06,15.00,552
-35.18,12.50,552
-35.00,12.00,552
-34.35,10.00,552
-33.70,7.50,552
-33.26,5.00,552
-32.99,2.50,552
-32.90,0.00,552

58.48,0.00,552
57.50,-1.05,552
55.00,-2.03,552
54.62,-2.50,552
52.80,-5.00,552
52.50,-5.99,552
52.21,-7.50,552
52.41,-10.00,552
54.14,-12.50,552
55.00,-13.77,552
57.50,-14.52,552
60.00,-14.57,552
60.84,-17.50,552
61.22,-20.00,552
61.38,-22.50,552
61.29,-25.00,552
60.95,-27.50,552
60.43,-30.00,552
60.00,-31.85,552
59.92,-32.50,552
59.48,-35.00,552
58.07,-37.50,552
57.50,-37.85,552
56.32,-40.00,552
55.18,-42.50,552
55.00,-44.45,552
55.00,-45.29,552
55.33,-47.50,552
55.94,-50.00,552
56.63,-52.50,552
57.06,-55.00,552
57.24,-57.50,552
57.33,-60.00,552
57.31,-62.50,552
57.11,-65.00,552
56.69,-67.50,552
55.98,-70.00,552
55.00,-72.31,552
54.31,-75.00,552
54.26,-77.50,552
55.00,-78.89,552
56.50,-80.00,552
57.50,-80.52,552
57.93,-80.00,552
59.42,-77.50,552
60.00,-76.15,552
60.51,-75.00,552
61.56,-72.50,552
62.50,-70.76,552
63.54,-70.00,552
65.00,-69.29,552
67.50,-68.18,552
70.00,-67.83,552
72.50,-69.03,552
73.96,-70.00,552
75.00,-70.94,552
75.95,-72.50,552
76.84,-75.00,552
77.13,-77.50,552
77.26,-80.00,552
77.24,-82.50,552
77.16,-85.00,552
77.07,-87.50,552
76.96,-90.00,552
76.84,-92.50,552
76.70,-95.00,552
76.56,-97.50,552
76.42,-100.00,552
76.28,-102.50,552
76.13,-105.00,552
75.99,-107.50,552
75.83,-110.00,552
75.64,-112.50,552
75.37,-115.00,552
75.03,-117.50,552
74.30,-120.00,552
73.42,-122.50,552
72.65,-125.00,552
70.00,-127.16,552
67.50,-127.21,552
66.75,-127.50,552
65.00,-129.77,552
64.84,-132.50,552
64.73,-135.00,552
65.00,-136.55,552
65.13,-137.50,552
65.71,-140.00,552
66.43,-142.50,552
66.87,-145.00,552
67.06,-147.50,552
67.23,-150.00,552
67.50,-152.47,552
68.03,-155.00,552
68.34,-157.50,552
68.60,-160.00,552
68.93,-162.50,552
69.31,-165.00,552
69.75,-167.50,552
70.00,-169.02,552
70.24,-170.00,552
70.72,-172.50,552
71.15,-175.00,552
71.47,-177.50,552
71.68,180.00,552
71.78,177.50,552
71.76,175.00,552
71.66,172.50,552
71.45,170.00,552
71.19,167.50,552
70.71,165.00,552
70.00,162.51,552
68.85,160.00,552
67.50,158.77,552
66.54,157.50,552
65.00,156.22,552
63.82,155.00,552
62.50,153.88,552
61.74,152.50,552
60.39,150.00,552
60.00,148.62,552
59.85,147.50,552
60.00,146.66,552
62.50,145.11,552
65.00,146.46,552
67.50,147.21,552
67.90,145.00,552
68.21,142.50,552
68.30,140.00,552
68.35,137.50,552
68.34,135.00,552
68.61,132.50,552
68.72,130.00,552
68.96,127.50,552
69.56,125.00,552
70.00,124.36,552
70.32,125.00,552
71.92,127.50,552
72.50,128.12,552
74.35,130.00,552
75.00,130.64,552
76.04,130.00,552
77.50,128.31,552

77.50,36.53,552
76.83,35.00,552
75.75,32.50,552
75.00,30.85,552
73.89,30.00,552
72.50,28.90,552
71.41,30.00,552
70.54,32.50,552
70.00,34.84,552
68.64,37.50,552
67.50,39.20,552
65.00,37.99,552
64.57,35.00,552
63.29,32.50,552
62.50,31.88,552
60.70,30.00,552
60.00,28.88,552
59.68,27.50,552
59.21,25.00,552
58.75,22.50,552
58.40,20.00,552
58.33,17.50,552
58.31,15.00,552
58.42,12.50,552
58.75,10.00,552
59.09,7.50,552
59.22,5.00,552
59.11,2.50,552
58.48,0.00,552

48.10,122.50,552
47.89,125.00,552
47.50,125.81,552
45.00,125.46,552
44.75,125.00,552
44.33,122.50,552
45.00,120.46,552
47.50,121.24,552
48.10,122.50,552

-31.17,0.00,558
-31.09,-2.50,558
-31.13,-5.00,558
-31.35,-7.50,558
-31.80,-10.00,558
-32.50,-12.20,558
-34.05,-15.00,558
-35.00,-16.20,558
-36.21,-17.50,558
-37.50,-18.92,558
-38.58,-20.00,558
-40.00,-21.51,558
-40.95,-22.50,558
-42.50,-24.06,558
-43.43,-25.00,558
-45.00,-26.84,558
-45.57,-27.50,558
-47.36,-30.00,558
-48.89,-32.50,558
-50.00,-34.51,558
-50.27,-35.00,558
-51.17,-37.50,558
-51.52,-40.00,558
-51.39,-42.50,558
-50.91,-45.00,558
-50.11,-47.50,558
-49.04,-50.00,558
-47.89,-52.50,558
-47.50,-53.03,558
-46.16,-55.00,558
-45.00,-56.79,558
-44.55,-57.50,558
-42.96,-60.00,558
-42.50,-60.79,558
-41.50,-62.50,558
-40.17,-65.00,558
-40.00,-65.39,558
-38.97,-67.50,558
-37.50,-69.53,558
-37.18,-70.00,558
-35.93,-72.50,558
-35.00,-74.30,558
-34.72,-75.00,558
-33.57,-77.50,558
-32.50,-79.27,558
-32.17,-80.00,558
-31.11,-82.50,558
-30.10,-85.00,558
-29.49,-87.50,558
-29.27,-90.00,558
-29.48,-92.50,558
-30.00,-94.74,558
-31.12,-97.50,558
-32.36,-100.00,558
-33.99,-102.50,558
-35.00,-104.08,558
-35.69,-105.00,558
-37.27,-107.50,558
-37.50,-107.88,558
-38.72,-110.00,558
-40.00,-112.42,558
-41.15,-115.00,558
-42.04,-117.50,558
-42.50,-120.00,558
-42.29,-122.50,558
-41.04,-125.00,558
-40.00,-125.97,558
-38.42,-127.50,558
-37.50,-127.97,558
-35.03,-130.00,558
-33.02,-132.50,558
-32.50,-133.27,558
-31.47,-135.00,558
-30.52,-137.50,558
-30.00,-139.84,558
-29.87,-142.50,558
-30.00,-143.25,558
-30.43,-145.00,558
-31.46,-147.50,558
-32.50,-149.63,558
-32.74,-150.00,558
-33.64,-152.50,558
-34.90,-155.00,558
-36.89,-157.50,558
-37.50,-158.24,558
-39.38,-160.00,558
-40.00,-160.73,558
-41.37,-162.50,558
-42.50,-164.74,558
-42.88,-167.50,558
-42.94,-170.00,558
-42.95,-172.50,558
-42.88,-175.00,558
-42.72,-177.50,558
-42.88,180.00,558
-43.24,177.50,558
-43.48,175.00,558
-43.55,172.50,558
-43.58,170.00,558
-43.43,167.50,558
-42.98,165.00,558
-42.50,163.66,558
-41.91,162.50,558
-40.33,160.00,558
-40.00,159.56,558
-38.70,157.50,558
-37.50,155.63,558
-37.15,155.00,558
-36.06,152.50,558
-35.49,150.00,558
-35.00,148.48,558
-34.64,147.50,558
-34.30,145.00,558
-34.13,142.50,558
-34.27,140.00,558
-34.79,137.50,558
-35.00,136.84,558
-35.47,135.00,558
-36.78,132.50,558
-37.50,131.16,558
-38.30,130.00,558
-39.36,127.50,558
-39.52,125.00,558
-39.15,122.50,558
-38.49,120.00,558
-37.80,117.50,558
-37.50,116.42,558
-37.04,115.00,558
-36.24,112.50,558
-35.60,110.00,558
-35.11,107.50,558
-35.00,106.86,558
-34.58,105.00,558
-34.21,102.50,558
-34.03,100.00,558
-34.02,97.50,558
-34.17,95.00,558
-34.49,92.50,558
-34.97,90.00,558
-35.49,87.50,558
-36.19,85.00,558
-37.05,82.50,558
-37.50,81.37,558
-38.00,80.00,558
-38.98,77.50,558
-40.00,75.10,558
-40.98,72.50,558
-41.95,70.00,558
-42.50,68.52,558
-42.84,67.50,558
-43.60,65.00,558
-44.31,62.50,558
-44.95,60.00,558
-45.44,57.50,558
-45.83,55.00,558
-46.05,52.50,558
-46.11,50.00,558
-45.98,47.50,558
-45.60,45.00,558
-45.00,42.51,558
-44.19,40.00,558
-43.29,37.50,558
-42.50,35.57,558
-42.27,35.00,558
-41.16,32.50,558
-40.12,30.00,558
-39.09,27.50,558
-38.13,25.00,558
-37.50,23.10,558
-37.28,22.50,558
-36.36,20.00,558
-35.42,17.50,558
-35.00,16.21,558
-34.61,15.00,558
-33.75,12.50,558
-32.88,10.00,558
-32.50,8.76,558
-32.15,7.50,558
-31.67,5.00,558
-31.33,2.50,558
-31.17,0.00,558

54.55,0.00,558
52.60,-2.50,558
51.44,-5.00,558
51.00,-7.50,558
51.00,-10.00,558
51.53,-12.50,558
52.39,-15.00,558
53.89,-17.50,558
55.00,-19.62,558
55.30,-20.00,558
56.30,-22.50,558
56.64,-25.00,558
56.78,-27.50,558
56.95,-30.00,558
56.63,-32.50,558
56.17,-35.00,558
55.41,-37.50,558
55.00,-38.47,558
54.59,-40.00,558
54.01,-42.50,558
53.91,-45.00,558
54.13,-47.50,558
54.50,-50.00,558
54.77,-52.50,558
54.99,-55.00,558
55.24,-57.50,558
55.20,-60.00,558
55.00,-61.79,558
54.93,-62.50,558
54.57,-65.00,558
54.08,-67.50,558
53.21,-70.00,558
52.50,-71.80,558
52.26,-72.50,558
51.48,-75.00,558
50.80,-77.50,558
50.73,-80.00,558
51.87,-82.50,558
52.50,-83.24,558
54.23,-85.00,558
55.00,-85.77,558
57.36,-87.50,558
57.81,-87.50,558
60.00,-85.94,558
60.49,-85.00,558
61.92,-82.50,558
62.50,-81.44,558
63.46,-80.00,558
65.00,-77.93,558
65.47,-77.50,558
67.50,-75.70,558
70.00,-76.37,558
71.00,-77.50,558
72.50,-79.58,558
73.58,-82.50,558
74.03,-85.00,558
74.24,-87.50,558
74.34,-90.00,558
74.32,-92.50,558
74.23,-95.00,558
74.06,-97.50,558
73.84,-100.00,558
73.58,-102.50,558
73.27,-105.00,558
72.91,-107.50,558
72.56,-110.00,558
70.95,-112.50,558
70.00,-113.57,558
67.50,-114.54,558
65.00,-112.72,558
62.50,-110.17,558
60.00,-112.03,558
57.83,-115.00,558
57.50,-115.26,558
55.94,-117.50,558
55.00,-118.90,558
54.45,-120.00,558
53.63,-122.50,558
53.35,-125.00,558
53.58,-127.50,558
53.97,-130.00,558
54.40,-132.50,558
54.88,-135.00,558
55.00,-135.56,558
56.57,-137.50,558
57.13,-140.00,558
57.50,-141.12,558
58.58,-142.50,558
60.00,-144.23,558
60.81,-145.00,558
62.50,-147.16,558
62.89,-150.00,558
63.56,-152.50,558
64.22,-155.00,558
64.76,-157.50,558
65.00,-158.74,558
65.28,-160.00,558
65.90,-162.50,558
66.54,-165.00,558
67.09,-167.50,558
67.50,-169.58,558
68.19,-172.50,558
68.59,-175.00,558
68.86,-177.50,558
69.05,180.00,558
69.10,177.50,558
68.94,175.00,558
68.66,172.50,558
68.22,170.00,558
67.52,167.50,558
66.69,165.00,558
65.55,162.50,558
65.00,161.65,558
64.00,160.00,558
62.50,158.30,558
61.98,157.50,558
60.69,155.00,558
60.00,153.86,558
59.38,152.50,558
58.73,150.00,558
58.32,147.50,558
58.38,145.00,558
59.12,142.50,558
60.00,140.55,558
60.78,140.00,558
61.84,137.50,558
62.33,135.00,558
62.50,133.90,558
62.73,132.50,558
63.11,130.00,558
63.51,127.50,558
63.90,125.00,558
64.25,122.50,558
64.63,120.00,558
65.00,118.17,558
65.94,115.00,558
67.03,112.50,558
67.50,111.69,558
70.00,110.74,558
72.50,111.20,558
74.06,110.00,558
75.00,109.48,558
77.50,109.56,558

77.50,49.51,558
76.81,47.50,558
75.78,45.00,558
75.00,43.19,558
72.50,42.83,558
70.78,45.00,558
70.00,46.00,558
68.78,47.50,558
67.50,48.87,558
66.34,50.00,558
65.00,51.43,558
64.10,52.50,558
62.50,54.18,558
60.00,54.94,558
58.55,52.50,558
58.48,50.00,558
58.98,47.50,558
59.63,45.00,558
60.00,43.63,558
60.52,42.50,558
60.85,40.00,558
60.60,37.50,558
60.00,36.24,558
59.61,35.00,558
58.56,32.50,558
57.72,30.00,558
57.50,29.18,558
57.20,27.50,558
56.82,25.00,558
56.47,22.50,558
56.29,20.00,558
56.33,17.50,558
56.39,15.00,558
56.51,12.50,558
56.68,10.00,558
56.66,7.50,558
56.40,5.00,558
55.77,2.50,558
55.00,1.01,558
54.55,0.00,558

65.08,75.00,558
65.19,77.50,558
65.00,79.05,558
64.67,80.00,558
63.53,82.50,558
62.82,85.00,558
62.85,87.50,558
62.90,90.00,558
62.50,91.65,558
60.90,92.50,558
60.00,92.71,558
58.37,90.00,558
57.50,88.45,558
56.89,87.50,558
55.00,85.22,558
52.50,85.25,558
52.16,85.00,558
50.00,83.47,558
49.54,82.50,558
49.05,80.00,558
49.53,77.50,558
50.00,76.11,558
51.19,75.00,558
52.15,72.50,558
52.50,71.93,558
53.66,70.00,558
55.00,68.49,558
56.62,67.50,558
57.50,66.80,558
60.00,66.70,558
61.00,67.50,558
62.50,68.79,558
63.21,70.00,558
64.29,72.50,558
65.00,74.66,558
65.08,75.00,558

50.20,122.50,558
50.14,125.00,558
50.00,125.59,558
49.41,127.50,558
47.50,129.24,558
45.00,128.05,558
44.55,127.50,558
43.26,125.00,558
42.89,122.50,558
43.42,120.00,558
45.00,117.66,558
45.80,117.50,558
47.50,117.16,558
48.02,117.50,558
49.78,120.00,558
50.00,121.25,558
50.20,122.50,558

-29.49,0.00,564
-29.37,-2.50,564
-29.36,-5.00,564
-29.51,-7.50,564
-29.86,-10.00,564
-30.00,-10.65,564
-30.48,-12.50,564
-31.65,-15.00,564
-32.50,-16.26,564
-33.43,-17.50,564
-35.00,-19.42,564
-35.52,-20.00,564
-37.50,-22.36,564
-39.88,-25.00,564
-42.11,-27.50,564
-42.50,-27.99,564
-43.93,-30.00,564
-45.00,-31.59,564
-45.56,-32.50,564
-46.91,-35.00,564
-47.50,-36.79,564
-47.72,-37.50,564
-47.93,-40.00,564
-47.63,-42.50,564
-46.81,-45.00,564
-45.85,-47.50,564
-45.02,-50.00,564
-44.15,-52.50,564
-42.76,-55.00,564
-42.50,-55.44,564
-41.23,-57.50,564
-40.04,-60.00,564
-38.82,-62.50,564
-37.70,-65.00,564
-37.50,-65.40,564
-36.27,-67.50,564
-35.00,-69.46,564
-34.77,-70.00,564
-33.73,-72.50,564
-32.72,-75.00,564
-32.50,-75.45,564
-31.57,-77.50,564
-30.50,-80.00,564
-30.00,-81.20,564
-29.45,-82.50,564
-28.68,-85.00,564
-28.24,-87.50,564
-28.07,-90.00,564
-28.21,-92.50,564
-28.65,-95.00,564
-29.51,-97.50,564
-30.00,-98.58,564
-30.63,-100.00,564
-31.93,-102.50,564
-32.50,-103.55,564
-33.35,-105.00,564
-34.85,-107.50,564
-36.24,-110.00,564
-37.39,-112.50,564
-38.28,-115.00,564
-38.99,-117.50,564
-38.99,-120.00,564
-38.28,-122.50,564
-37.50,-124.16,564
-37.12,-125.00,564
-35.00,-126.88,564
-34.52,-127.50,564
-32.61,-130.00,564
-31.15,-132.50,564
-30.00,-134.55,564
-29.77,-135.00,564
-28.82,-137.50,564
-28.19,-140.00,564
-27.82,-142.50,564
-27.83,-145.00,564
-28.11,-147.50,564
-28.65,-150.00,564
-29.38,-152.50,564
-30.00,-154.22,564
-30.31,-155.00,564
-31.40,-157.50,564
-32.50,-159.72,564
-34.10,-162.50,564
-35.00,-164.59,564
-35.20,-165.00,564
-36.30,-167.50,564
-37.21,-170.00,564
-37.50,-171.11,564
-37.84,-172.50,564
-38.37,-175.00,564
-38.77,-177.50,564
-39.06,180.00,564
-39.05,177.50,564
-38.89,175.00,564
-38.51,172.50,564
-37.94,170.00,564
-37.50,168.13,564
-37.33,167.50,564
-36.69,165.00,564
-36.13,162.50,564
-35.70,160.00,564
-35.02,157.50,564
-34.11,155.00,564
-33.34,152.50,564
-33.08,150.00,564
-32.62,147.50,564
-32.50,146.05,564
-32.36,145.00,564
-32.24,142.50,564
-32.49,140.00,564
-32.76,137.50,564
-33.24,135.00,564
-33.94,132.50,564
-34.81,130.00,564
-35.00,129.37,564
-35.54,127.50,564
-35.92,125.00,564
-35.81,122.50,564
-35.46,120.00,564
-35.15,117.50,564
-35.00,116.81,564
-34.58,115.00,564
-34.00,112.50,564
-33.50,110.00,564
-33.04,107.50,564
-32.65,105.00,564
-32.50,103.48,564
-32.39,102.50,564
-32.17,100.00,564
-32.14,97.50,564
-32.26,95.00,564
-32.50,92.87,564
-32.94,90.00,564
-33.50,87.50,564
-34.26,85.00,564
-35.00,83.06,564
-35.18,82.50,564
-36.05,80.00,564
-37.08,77.50,564
-37.50,76.52,564
-38.07,75.00,564
-39.04,72.50,564
-40.00,70.01,564
-40.81,67.50,564
-41.58,65.00,564
-42.25,62.50,564
-42.50,61.40,564
-42.80,60.00,564
-43.30,57.50,564
-43.73,55.00,564
-44.00,52.50,564
-44.10,50.00,564
-44.01,47.50,564
-43.64,45.00,564
-43.06,42.50,564
-42.50,40.48,564
-42.36,40.00,564
-41.53,37.50,564
-40.64,35.00,564
-40.00,33.42,564
-39.61,32.50,564
-38.62,30.00,564
-37.73,27.50,564
-37.50,26.88,564
-36.71,25.00,564
-35.86,22.50,564
-35.03,20.00,564
-33.98,17.50,564
-33.19,15.00,564
-32.50,12.95,564
-32.34,12.50,564
-31.49,10.00,564
-30.80,7.50,564
-30.18,5.00,564
-30.00,4.01,564
-29.73,2.50,564
-29.49,0.00,564

52.03,0.00,564
50.85,-2.50,564
50.18,-5.00,564
50.00,-6.15,564
49.70,-7.50,564
49.50,-10.00,564
49.77,-12.50,564
50.00,-13.46,564
50.41,-15.00,564
51.25,-17.50,564
52.18,-20.00,564
52.50,-20.99,564
53.10,-22.50,564
53.63,-25.00,564
53.85,-27.50,564
53.89,-30.00,564
53.91,-32.50,564
53.74,-35.00,564
53.41,-37.50,564
53.08,-40.00,564
52.88,-42.50,564
52.85,-45.00,564
52.93,-47.50,564
53.13,-50.00,564
53.31,-52.50,564
53.44,-55.00,564
53.54,-57.50,564
53.51,-60.00,564
53.16,-62.50,564
52.65,-65.00,564
52.50,-65.61,564
51.97,-67.50,564
51.01,-70.00,564
50.08,-72.50,564
49.26,-75.00,564
48.37,-77.50,564
47.77,-80.00,564
47.99,-82.50,564
48.95,-85.00,564
50.00,-87.03,564
50.55,-87.50,564
52.50,-89.07,564
53.44,-90.00,564
55.00,-91.75,564
55.68,-92.50,564
57.32,-95.00,564
58.45,-97.50,564
59.20,-100.00,564
59.12,-102.50,564
58.23,-105.00,564
57.51,-107.50,564
56.78,-110.00,564
55.67,-112.50,564
55.00,-113.56,564
54.25,-115.00,564
53.09,-117.50,564
52.50,-118.74,564
51.99,-120.00,564
51.09,-122.50,564
50.70,-125.00,564
50.77,-127.50,564
51.02,-130.00,564
51.41,-132.50,564
52.09,-135.00,564
52.50,-136.14,564
53.00,-137.50,564
53.88,-140.00,564
55.00,-142.50,564
56.28,-145.00,564
57.50,-147.41,564
58.94,-150.00,564
59.99,-152.50,564
61.19,-155.00,564
61.99,-157.50,564
62.50,-159.14,564
62.80,-160.00,564
63.58,-162.50,564
64.30,-165.00,564
65.00,-167.39,564
65.64,-170.00,564
66.09,-172.50,564
66.42,-175.00,564
66.62,-177.50,564
66.65,180.00,564
66.52,177.50,564
66.26,175.00,564
65.92,172.50,564
65.41,170.00,564
65.00,168.69,564
64.57,167.50,564
63.53,165.00,564
62.50,162.75,564
60.85,160.00,564
60.00,158.50,564
59.43,157.50,564
58.25,155.00,564
57.60,152.50,564
57.50,151.84,564
57.16,150.00,564
56.71,147.50,564
56.58,145.00,564
56.72,142.50,564
57.02,140.00,564
57.50,137.72,564
58.35,135.00,564
59.06,132.50,564
59.79,130.00,564
60.00,129.35,564
60.50,127.50,564
61.11,125.00,564
61.61,122.50,564
62.10,120.00,564
62.50,118.11,564
63.16,115.00,564
63.75,112.50,564
64.32,110.00,564
64.79,107.50,564
65.00,105.11,564
64.82,102.50,564
62.50,100.10,564
60.00,100.76,564
57.50,100.81,564
55.99,100.00,564
55.00,99.31,564
54.19,97.50,564
53.67,95.00,564
53.12,92.50,564
52.50,90.76,564
52.27,90.00,564
50.76,87.50,564
50.00,86.88,564
48.82,85.00,564
47.56,82.50,564
47.04,80.00,564
47.00,77.50,564
47.21,75.00,564
47.50,74.00,564
48.27,72.50,564
49.61,70.00,564
50.00,69.32,564
51.40,67.50,564
52.50,65.88,564
53.23,65.00,564
54.81,62.50,564
55.00,61.95,564
55.75,60.00,564
55.75,57.50,564
55.71,55.00,564
55.90,52.50,564
56.32,50.00,564
56.97,47.50,564
57.50,45.64,564
57.68,45.00,564
58.18,42.50,564
58.35,40.00,564
57.98,37.50,564
57.50,35.97,564
57.27,35.00,564
56.61,32.50,564
56.06,30.00,564
55.53,27.50,564
55.00,25.12,564
54.61,22.50,564
54.44,20.00,564
54.46,17.50,564
54.55,15.00,564
54.60,12.50,564
54.41,10.00,564
54.02,7.50,564
53.58,5.00,564
52.94,2.50,564
52.50,1.36,564
52.03,0.00,564

77.50,90.62,564
76.83,92.50,564
75.83,95.00,564
75.00,96.66,564
74.15,95.00,564
73.36,92.50,564
73.02,90.00,564
72.93,87.50,564
72.99,85.00,564
73.12,82.50,564
73.28,80.00,564
73.49,77.50,564
73.76,75.00,564
74.03,72.50,564
74.25,70.00,564
74.42,67.50,564
74.57,65.00,564
74.74,62.50,564
75.00,60.25,564
75.33,62.50,564
75.95,65.00,564
77.29,67.50,564
77.50,67.78,564

70.02,-95.00,564
70.07,-92.50,564
69.32,-90.00,564
67.66,-87.50,564
66.19,-90.00,564
66.03,-92.50,564
66.71,-95.00,564
67.50,-96.72,564
70.00,-95.13,564
70.02,-95.00,564

52.50,120.00,564
52.94,122.50,564
52.50,124.80,564
51.76,127.50,564
50.59,130.00,564
50.00,130.72,564
47.50,131.50,564
45.00,130.23,564
42.77,127.50,564
42.50,126.89,564
41.61,125.00,564
41.21,122.50,564
41.46,120.00,564
42.26,117.50,564
42.50,116.81,564
43.91,115.00,564
45.00,114.14,564
47.50,114.00,564
48.69,115.00,564
50.00,115.72,564
51.32,117.50,564
52.50,119.99,564
52.50,120.00,564

50.59,165.00,564
50.93,167.50,564
50.00,168.77,564
47.50,168.60,564
46.77,167.50,564
46.94,165.00,564
47.50,164.25,564
50.00,164.30,564
50.59,165.00,564

-27.90,0.00,570
-27.73,-2.50,570
-27.69,-5.00,570
-27.80,-7.50,570
-28.08,-10.00,570
-28.54,-12.50,570
-29.28,-15.00,570
-30.00,-16.79,570
-30.42,-17.50,570
-32.13,-20.00,570
-32.50,-20.61,570
-33.83,-22.50,570
-35.00,-24.30,570
-35.49,-25.00,570
-37.24,-27.50,570
-37.50,-27.92,570
-39.09,-30.00,570
-40.00,-31.60,570
-40.56,-32.50,570
-41.82,-35.00,570
-42.45,-37.50,570
-40.00,-38.56,570
-37.50,-38.34,570
-35.00,-39.54,570
-32.50,-39.60,570
-30.00,-39.90,570
-27.50,-41.69,570
-27.10,-42.50,570
-27.50,-43.35,570
-28.65,-45.00,570
-30.00,-46.12,570
-32.40,-47.50,570
-35.00,-48.37,570
-37.50,-49.17,570
-38.66,-50.00,570
-39.67,-52.50,570
-38.98,-55.00,570
-37.99,-57.50,570
-37.50,-58.76,570
-37.06,-60.00,570
-36.11,-62.50,570
-35.13,-65.00,570
-33.61,-67.50,570
-32.86,-70.00,570
-32.50,-70.82,570
-31.69,-72.50,570
-30.69,-75.00,570
-30.00,-76.79,570
-29.69,-77.50,570
-28.57,-80.00,570
-27.77,-82.50,570
-27.50,-83.73,570
-27.12,-85.00,570
-26.65,-87.50,570
-26.47,-90.00,570
-26.58,-92.50,570
-27.06,-95.00,570
-27.50,-96.37,570
-27.76,-97.50,570
-28.55,-100.00,570
-29.65,-102.50,570
-30.00,-103.19,570
-30.79,-105.00,570
-32.16,-107.50,570
-32.50,-108.17,570
-33.30,-110.00,570
-34.23,-112.50,570
-35.00,-114.16,570
-35.33,-115.00,570
-35.67,-117.50,570
-35.09,-120.00,570
-33.66,-122.50,570
-32.99,-125.00,570
-32.50,-125.78,570
-31.81,-127.50,570
-30.56,-130.00,570
-30.00,-131.06,570
-29.22,-132.50,570
-28.05,-135.00,570
-27.50,-136.50,570
-27.10,-137.50,570
-26.41,-140.00,570
-25.97,-142.50,570
-25.74,-145.00,570
-25.71,-147.50,570
-25.90,-150.00,570
-26.25,-152.50,570
-26.69,-155.00,570
-27.14,-157.50,570
-27.50,-159.35,570
-27.71,-160.00,570
-28.47,-162.50,570
-29.04,-165.00,570
-29.51,-167.50,570
-29.95,-170.00,570
-30.79,-172.50,570
-31.75,-175.00,570
-32.50,-176.96,570
-32.63,-177.50,570
-33.10,180.00,570
-33.32,177.50,570
-33.09,175.00,570
-32.86,172.50,570
-32.55,170.00,570
-32.50,169.45,570
-32.36,167.50,570
-32.24,165.00,570
-31.93,162.50,570
-31.59,160.00,570
-31.22,157.50,570
-30.74,155.00,570
-30.10,152.50,570
-30.02,150.00,570
-29.57,147.50,570
-29.29,145.00,570
-29.22,142.50,570
-29.21,140.00,570
-29.46,137.50,570
-29.85,135.00,570
-30.00,134.27,570
-30.28,132.50,570
-30.78,130.00,570
-31.38,127.50,570
-31.88,125.00,570
-31.96,122.50,570
-31.84,120.00,570
-31.71,117.50,570
-31.42,115.00,570
-31.06,112.50,570
-30.74,110.00,570
-30.49,107.50,570
-30.27,105.00,570
-30.09,102.50,570
-30.00,100.85,570
-29.94,100.00,570
-29.90,97.50,570
-30.00,95.38,570
-30.25,92.50,570
-30.60,90.00,570
-31.11,87.50,570
-31.85,85.00,570
-32.50,83.28,570
-32.74,82.50,570
-33.68,80.00,570
-34.77,77.50,570
-35.00,77.00,570
-35.79,75.00,570
-36.80,72.50,570
-37.50,70.75,570
-37.76,70.00,570
-38.53,67.50,570
-39.26,65.00,570
-39.93,62.50,570
-40.45,60.00,570
-40.93,57.50,570
-41.35,55.00,570
-41.69,52.50,570
-41.86,50.00,570
-41.78,47.50,570
-41.42,45.00,570
-40.88,42.50,570
-40.32,40.00,570
-40.00,38.83,570
-39.58,37.50,570
-38.74,35.00,570
-37.87,32.50,570
-37.50,31.39,570
-36.97,30.00,570
-36.05,27.50,570
-35.19,25.00,570
-35.00,24.40,570
-34.32,22.50,570
-33.45,20.00,570
-32.54,17.50,570
-31.64,15.00,570
-30.85,12.50,570
-30.14,10.00,570
-30.00,9.50,570
-29.33,7.50,570
-28.70,5.00,570
-28.22,2.50,570
-27.90,0.00,570

49.57,0.00,570
48.88,-2.50,570
48.27,-5.00,570
47.88,-7.50,570
47.80,-10.00,570
47.98,-12.50,570
48.41,-15.00,570
49.09,-17.50,570
49.88,-20.00,570
50.57,-22.50,570
51.02,-25.00,570
51.29,-27.50,570
51.43,-30.00,570
51.55,-32.50,570
51.56,-35.00,570
51.47,-37.50,570
51.35,-40.00,570
51.25,-42.50,570
51.23,-45.00,570
51.26,-47.50,570
51.39,-50.00,570
51.55,-52.50,570
51.62,-55.00,570
51.58,-57.50,570
51.51,-60.00,570
51.10,-62.50,570
50.48,-65.00,570
50.00,-66.70,570
49.74,-67.50,570
48.78,-70.00,570
48.05,-72.50,570
47.50,-74.17,570
47.22,-75.00,570
46.44,-77.50,570
45.83,-80.00,570
45.66,-82.50,570
46.02,-85.00,570
46.74,-87.50,570
47.50,-89.46,570
47.78,-90.00,570
49.23,-92.50,570
50.00,-93.79,570
50.81,-95.00,570
52.20,-97.50,570
52.50,-98.07,570
53.55,-100.00,570
54.31,-102.50,570
54.43,-105.00,570
54.01,-107.50,570
53.25,-110.00,570
52.50,-111.81,570
52.26,-112.50,570
51.32,-115.00,570
50.39,-117.50,570
50.00,-118.83,570
49.65,-120.00,570
48.80,-122.50,570
48.37,-125.00,570
48.29,-127.50,570
48.50,-130.00,570
48.94,-132.50,570
49.70,-135.00,570
50.00,-135.85,570
50.44,-137.50,570
51.36,-140.00,570
52.50,-142.23,570
53.75,-145.00,570
55.00,-147.14,570
56.46,-150.00,570
57.50,-152.07,570
58.79,-155.00,570
59.82,-157.50,570
60.74,-160.00,570
61.53,-162.50,570
62.41,-165.00,570
63.04,-167.50,570
63.54,-170.00,570
63.91,-172.50,570
64.10,-175.00,570
64.15,-177.50,570
64.03,180.00,570
63.73,177.50,570
63.27,175.00,570
62.70,172.50,570
62.50,171.68,570
61.17,170.00,570
60.00,168.49,570
57.50,167.83,570
55.00,168.27,570
53.13,170.00,570
52.50,170.24,570
50.00,171.83,570
47.50,171.45,570
45.92,170.00,570
45.00,167.72,570
44.73,165.00,570
45.00,164.46,570
45.73,162.50,570
47.50,161.04,570
50.00,160.90,570
52.50,162.23,570
53.57,162.50,570
55.00,163.31,570
56.38,162.50,570
56.76,160.00,570
56.13,157.50,570
55.53,155.00,570
55.16,152.50,570
55.04,150.00,570
55.00,147.62,570
54.91,145.00,570
54.86,142.50,570
54.85,140.00,570
54.86,137.50,570
54.72,135.00,570
53.46,132.50,570
52.50,132.09,570
52.22,132.50,570
50.00,133.93,570
47.50,133.78,570
45.00,132.66,570
42.50,130.02,570
40.66,127.50,570
40.00,125.69,570
39.71,125.00,570
39.18,122.50,570
39.11,120.00,570
39.43,117.50,570
40.00,115.88,570
40.28,115.00,570
41.65,112.50,570
42.50,111.33,570
44.13,110.00,570
45.00,108.47,570
45.60,107.50,570
47.28,105.00,570
49.29,102.50,570
49.93,100.00,570
50.31,97.50,570
50.27,95.00,570
50.00,93.90,570
49.67,92.50,570
48.91,90.00,570
47.90,87.50,570
47.50,86.65,570
46.89,85.00,570
45.94,82.50,570
45.57,80.00,570
45.29,77.50,570
45.53,75.00,570
46.12,72.50,570
47.04,70.00,570
47.50,68.96,570
48.31,67.50,570
49.80,65.00,570
50.00,64.56,570
51.08,62.50,570
52.18,60.00,570
52.50,58.44,570
52.64,57.50,570
52.85,55.00,570
53.50,52.50,570
54.24,50.00,570
55.00,47.73,570
55.57,45.00,570
55.91,42.50,570
56.05,40.00,570
55.86,37.50,570
55.46,35.00,570
55.00,32.60,570
54.38,30.00,570
53.84,27.50,570
53.38,25.00,570
53.02,22.50,570
52.79,20.00,570
52.64,17.50,570
52.50,15.52,570
52.12,12.50,570
51.75,10.00,570
51.33,7.50,570
50.86,5.00,570
50.30,2.50,570
50.00,1.52,570
49.57,0.00,570

58.29,110.00,570
59.36,112.50,570
59.58,115.00,570
59.23,117.50,570
58.64,120.00,570
57.99,122.50,570
57.51,125.00,570
56.20,122.50,570
55.00,120.87,570
54.89,120.00,570
54.39,117.50,570
53.61,115.00,570
53.45,112.50,570
54.15,110.00,570
55.00,108.54,570
57.50,109.07,570
58.29,110.00,570

-26.07,0.00,576
-25.82,-2.50,576
-25.74,-5.00,576
-25.82,-7.50,576
-26.01,-10.00,576
-26.37,-12.50,576
-27.02,-15.00,576
-27.50,-16.33,576
-27.85,-17.50,576
-28.70,-20.00,576
-29.93,-22.50,576
-30.99,-25.00,576
-32.01,-27.50,576
-32.39,-30.00,576
-32.11,-32.50,576
-30.13,-35.00,576
-27.50,-36.62,576
-26.57,-37.50,576
-25.00,-39.71,576
-24.56,-42.50,576
-25.00,-43.27,576
-25.81,-45.00,576
-27.50,-46.85,576
-28.28,-47.50,576
-30.00,-49.14,576
-31.54,-50.00,576
-32.50,-50.87,576
-34.28,-52.50,576
-34.90,-55.00,576
-34.74,-57.50,576
-34.09,-60.00,576
-33.38,-62.50,576
-32.50,-65.00,576
-30.96,-67.50,576
-30.56,-70.00,576
-30.00,-71.30,576
-29.37,-72.50,576
-28.39,-75.00,576
-27.50,-77.24,576
-26.06,-80.00,576
-25.29,-82.50,576
-25.00,-83.99,576
-24.73,-85.00,576
-24.24,-87.50,576
-23.95,-90.00,576
-23.97,-92.50,576
-24.29,-95.00,576
-24.86,-97.50,576
-25.00,-98.00,576
-25.42,-100.00,576
-26.12,-102.50,576
-27.16,-105.00,576
-27.50,-105.78,576
-28.23,-107.50,576
-29.60,-110.00,576
-30.00,-111.15,576
-30.39,-112.50,576
-31.39,-115.00,576
-31.46,-117.50,576
-30.97,-120.00,576
-30.25,-122.50,576
-30.00,-123.35,576
-29.52,-125.00,576
-28.80,-127.50,576
-27.90,-130.00,576
-27.50,-131.15,576
-26.98,-132.50,576
-25.91,-135.00,576
-25.20,-137.50,576
-25.00,-138.33,576
-24.47,-140.00,576
-23.92,-142.50,576
-23.62,-145.00,576
-23.49,-147.50,576
-23.54,-150.00,576
-23.76,-152.50,576
-24.04,-155.00,576
-24.33,-157.50,576
-24.61,-160.00,576
-24.83,-162.50,576
-25.00,-164.31,576
-25.07,-165.00,576
-25.10,-167.50,576
-25.06,-170.00,576
-25.00,-170.88,576
-24.90,-172.50,576
-24.78,-175.00,576
-24.89,-177.50,576
-25.00,-178.18,576
-25.41,180.00,576
-25.98,177.50,576
-26.55,175.00,576
-27.08,172.50,576
-27.50,170.68,576
-27.65,170.00,576
-28.03,167.50,576
-28.22,165.00,576
-28.27,162.50,576
-28.20,160.00,576
-27.97,157.50,576
-27.64,155.00,576
-27.50,154.00,576
-27.27,152.50,576
-27.01,150.00,576
-26.60,147.50,576
-26.20,145.00,576
-25.79,142.50,576
-25.55,140.00,576
-25.42,137.50,576
-25.35,135.00,576
-25.46,132.50,576
-25.53,130.00,576
-25.92,127.50,576
-26.41,125.00,576
-26.87,122.50,576
-27.08,120.00,576
-27.24,117.50,576
-27.32,115.00,576
-27.26,112.50,576
-27.10,110.00,576
-26.98,107.50,576
-26.88,105.00,576
-26.83,102.50,576
-26.86,100.00,576
-26.94,97.50,576
-27.08,95.00,576
-27.25,92.50,576
-27.50,90.00,576
-27.81,87.50,576
-28.40,85.00,576
-29.29,82.50,576
-30.00,81.08,576
-30.41,80.00,576
-31.62,77.50,576
-32.50,75.89,576
-32.86,75.00,576
-33.86,72.50,576
-34.91,70.00,576
-35.65,67.50,576
-36.34,65.00,576
-36.98,62.50,576
-37.50,60.31,576
-37.94,57.50,576
-38.29,55.00,576
-38.61,52.50,576
-38.79,50.00,576
-38.77,47.50,576
-38.52,45.00,576
-38.13,42.50,576
-37.68,40.00,576
-37.50,39.07,576
-37.10,37.50,576
-36.36,35.00,576
-35.70,32.50,576
-35.00,30.07,576
-34.05,27.50,576
-33.13,25.00,576
-32.58,22.50,576
-31.56,20.00,576
-30.73,17.50,576
-30.00,15.14,576
-29.07,12.50,576
-28.34,10.00,576
-27.69,7.50,576
-27.50,6.56,576
-27.07,5.00,576
-26.47,2.50,576
-26.07,0.00,576

47.12,0.00,576
46.50,-2.50,576
45.95,-5.00,576
45.56,-7.50,576
45.40,-10.00,576
45.57,-12.50,576
46.03,-15.00,576
46.75,-17.50,576
47.48,-20.00,576
48.07,-22.50,576
48.50,-25.00,576
48.83,-27.50,576
49.09,-30.00,576
49.27,-32.50,576
49.39,-35.00,576
49.40,-37.50,576
49.34,-40.00,576
49.23,-42.50,576
49.16,-45.00,576
49.14,-47.50,576
49.17,-50.00,576
49.20,-52.50,576
49.13,-55.00,576
48.90,-57.50,576
48.68,-60.00,576
48.35,-62.50,576
47.83,-65.00,576
47.50,-66.38,576
47.19,-67.50,576
46.31,-70.00,576
45.71,-72.50,576
45.19,-75.00,576
45.00,-75.96,576
44.56,-77.50,576
43.83,-80.00,576
43.66,-82.50,576
43.78,-85.00,576
43.97,-87.50,576
44.46,-90.00,576
45.00,-91.45,576
45.50,-92.50,576
46.74,-95.00,576
47.50,-96.31,576
48.33,-97.50,576
49.65,-100.00,576
50.00,-101.17,576
50.41,-102.50,576
50.62,-105.00,576
50.40,-107.50,576
50.00,-109.24,576
49.82,-110.00,576
49.17,-112.50,576
48.26,-115.00,576
47.55,-117.50,576
46.70,-120.00,576
45.83,-122.50,576
45.18,-125.00,576
45.00,-125.87,576
44.43,-127.50,576
44.10,-130.00,576
44.15,-132.50,576
44.71,-135.00,576
45.00,-135.55,576
45.81,-137.50,576
47.35,-140.00,576
48.74,-142.50,576
50.00,-144.17,576
50.45,-145.00,576
52.09,-147.50,576
52.50,-148.02,576
53.68,-150.00,576
55.00,-152.11,576
56.33,-155.00,576
57.42,-157.50,576
58.35,-160.00,576
59.22,-162.50,576
60.00,-164.91,576
60.54,-167.50,576
60.92,-170.00,576
61.13,-172.50,576
61.06,-175.00,576
60.66,-177.50,576
60.00,-179.84,576
58.45,177.50,576
57.50,176.33,576
55.00,175.14,576
52.50,175.09,576
50.00,175.47,576
47.50,175.14,576
45.00,173.28,576
43.82,172.50,576
42.50,171.39,576
40.71,170.00,576
40.00,169.35,576
37.50,167.63,576
35.09,165.00,576
34.49,162.50,576
35.00,160.78,576
35.84,160.00,576
37.50,159.63,576
40.00,158.82,576
42.50,157.93,576
43.82,157.50,576
45.00,156.97,576
47.50,156.01,576
49.64,155.00,576
50.00,154.57,576
50.71,152.50,576
51.39,150.00,576
51.79,147.50,576
52.06,145.00,576
52.17,142.50,576
51.90,140.00,576
50.00,137.58,576
47.50,136.37,576
45.00,135.03,576
42.50,133.26,576
41.72,132.50,576
40.00,130.21,576
38.08,127.50,576
37.50,125.90,576
36.95,125.00,576
36.00,122.50,576
35.74,120.00,576
35.83,117.50,576
36.69,115.00,576
37.50,113.97,576
38.22,112.50,576
39.77,110.00,576
40.00,109.68,576
41.35,107.50,576
42.50,105.87,576
43.04,105.00,576
44.50,102.50,576
45.00,101.44,576
45.58,100.00,576
46.11,97.50,576
46.48,95.00,576
46.25,92.50,576
45.64,90.00,576
45.31,87.50,576
45.00,86.19,576
44.54,85.00,576
43.90,82.50,576
43.67,80.00,576
43.40,77.50,576
43.60,75.00,576
44.00,72.50,576
44.69,70.00,576
45.00,69.04,576
45.44,67.50,576
46.34,65.00,576
47.46,62.50,576
48.19,60.00,576
48.79,57.50,576
49.23,55.00,576
49.76,52.50,576
50.00,51.83,576
50.63,50.00,576
51.69,47.50,576
52.50,45.44,576
53.01,42.50,576
53.18,40.00,576
53.23,37.50,576
53.15,35.00,576
52.90,32.50,576
52.52,30.00,576
51.96,27.50,576
51.48,25.00,576
51.08,22.50,576
50.76,20.00,576
50.50,17.50,576
50.11,15.00,576
50.00,14.12,576
49.78,12.50,576
49.38,10.00,576
48.89,7.50,576
48.36,5.00,576
47.79,2.50,576
47.50,1.37,576
47.12,0.00,576

-23.65,0.00,582
-23.34,-2.50,582
-23.17,-5.00,582
-23.12,-7.50,582
-23.20,-10.00,582
-23.35,-12.50,582
-23.56,-15.00,582
-23.75,-17.50,582
-23.88,-20.00,582
-23.75,-22.50,582
-23.21,-25.00,582
-22.50,-26.57,582
-22.11,-27.50,582
-20.90,-30.00,582
-20.00,-31.74,582
-19.70,-32.50,582
-19.25,-35.00,582
-19.33,-37.50,582
-19.56,-40.00,582
-20.00,-41.01,582
-20.62,-42.50,582
-22.35,-45.00,582
-24.18,-47.50,582
-25.00,-48.37,582
-26.41,-50.00,582
-27.50,-51.31,582
-28.63,-52.50,582
-30.00,-54.89,582
-30.39,-57.50,582
-30.16,-60.00,582
-30.00,-60.68,582
-29.49,-62.50,582
-28.47,-65.00,582
-27.50,-66.39,582
-26.65,-67.50,582
-26.11,-70.00,582
-25.82,-72.50,582
-25.00,-74.45,582
-24.70,-75.00,582
-23.46,-77.50,582
-22.57,-80.00,582
-21.52,-82.50,582
-20.79,-85.00,582
-20.24,-87.50,582
-20.00,-89.21,582
-19.85,-90.00,582
-19.54,-92.50,582
-19.57,-95.00,582
-19.96,-97.50,582
-20.50,-100.00,582
-21.34,-102.50,582
-22.50,-104.77,582
-23.71,-107.50,582
-24.96,-110.00,582
-25.88,-112.50,582
-26.67,-115.00,582
-27.18,-117.50,582
-27.20,-120.00,582
-26.69,-122.50,582
-26.09,-125.00,582
-25.32,-127.50,582
-25.00,-128.49,582
-24.34,-130.00,582
-23.34,-132.50,582
-22.66,-135.00,582
-22.50,-136.44,582
-22.31,-137.50,582
-21.45,-140.00,582
-21.05,-142.50,582
-20.80,-145.00,582
-20.60,-147.50,582
-20.52,-150.00,582
-20.57,-152.50,582
-20.68,-155.00,582
-20.86,-157.50,582
-21.05,-160.00,582
-21.13,-162.50,582
-21.11,-165.00,582
-21.01,-167.50,582
-20.79,-170.00,582
-20.70,-172.50,582
-20.84,-175.00,582
-20.76,-177.50,582
-20.85,180.00,582
-20.90,177.50,582
-21.28,175.00,582
-21.83,172.50,582
-22.39,170.00,582
-22.50,169.55,582
-22.93,167.50,582
-23.44,165.00,582
-23.84,162.50,582
-24.04,160.00,582
-24.05,157.50,582
-23.91,155.00,582
-23.57,152.50,582
-23.22,150.00,582
-22.78,147.50,582
-22.50,145.97,582
-22.27,145.00,582
-21.69,142.50,582
-20.95,140.00,582
-20.45,137.50,582
-20.20,135.00,582
-20.00,132.72,582
-20.00,132.26,582
-20.19,130.00,582
-20.41,127.50,582
-20.56,125.00,582
-20.87,122.50,582
-21.11,120.00,582
-21.38,117.50,582
-21.74,115.00,582
-22.03,112.50,582
-22.09,110.00,582
-22.23,107.50,582
-22.27,105.00,582
-22.32,102.50,582
-22.35,100.00,582
-22.40,97.50,582
-22.47,95.00,582
-22.50,93.61,582
-22.52,92.50,582
-22.57,90.00,582
-22.70,87.50,582
-22.90,85.00,582
-23.13,82.50,582
-23.45,80.00,582
-23.92,77.50,582
-24.79,75.00,582
-25.00,74.60,582
-27.50,72.76,582
-29.20,70.00,582
-30.00,68.68,582
-30.40,67.50,582
-30.97,65.00,582
-31.03,62.50,582
-31.06,60.00,582
-31.56,57.50,582
-32.06,55.00,582
-32.29,52.50,582
-32.27,50.00,582
-32.02,47.50,582
-31.73,45.00,582
-31.07,42.50,582
-31.16,40.00,582
-32.50,37.53,582
-32.56,35.00,582
-32.50,34.45,582
-32.19,32.50,582
-31.76,30.00,582
-31.08,27.50,582
-30.40,25.00,582
-30.00,23.54,582
-29.58,22.50,582
-28.78,20.00,582
-28.19,17.50,582
-27.50,15.08,582
-26.50,12.50,582
-25.81,10.00,582
-25.27,7.50,582
-25.00,6.02,582
-24.70,5.00,582
-24.11,2.50,582
-23.65,0.00,582

44.35,0.00,582
43.51,-2.50,582
43.11,-5.00,582
42.50,-7.38,582
42.11,-10.00,582
42.12,-12.50,582
42.50,-13.64,582
42.82,-15.00,582
43.66,-17.50,582
44.54,-20.00,582
45.00,-21.30,582
45.30,-22.50,582
45.73,-25.00,582
46.10,-27.50,582
46.43,-30.00,582
46.68,-32.50,582
46.82,-35.00,582
46.87,-37.50,582
46.87,-40.00,582
46.77,-42.50,582
46.57,-45.00,582
46.28,-47.50,582
45.95,-50.00,582
45.53,-52.50,582
45.02,-55.00,582
43.25,-57.50,582
43.74,-60.00,582
43.75,-62.50,582
43.59,-65.00,582
43.42,-67.50,582
43.06,-70.00,582
42.64,-72.50,582
42.50,-73.21,582
41.93,-75.00,582
41.19,-77.50,582
40.99,-80.00,582
40.99,-82.50,582
41.17,-85.00,582
41.39,-87.50,582
41.90,-90.00,582
42.50,-91.93,582
42.64,-92.50,582
43.56,-95.00,582
44.69,-97.50,582
45.00,-98.29,582
45.69,-100.00,582
46.33,-102.50,582
46.53,-105.00,582
46.29,-107.50,582
45.95,-110.00,582
45.53,-112.50,582
45.04,-115.00,582
43.95,-117.50,582
42.65,-120.00,582
40.86,-122.50,582
40.00,-123.62,582
38.85,-125.00,582
37.54,-127.50,582
36.99,-130.00,582
36.76,-132.50,582
36.41,-135.00,582
36.16,-137.50,582
36.11,-140.00,582
36.35,-142.50,582
37.23,-145.00,582
37.50,-145.44,582
40.00,-146.83,582
42.50,-147.07,582
45.00,-147.32,582
45.39,-147.50,582
47.50,-148.22,582
49.42,-150.00,582
50.00,-150.50,582
51.64,-152.50,582
52.50,-153.64,582
53.23,-155.00,582
54.45,-157.50,582
55.00,-159.00,582
55.31,-160.00,582
55.96,-162.50,582
56.54,-165.00,582
56.93,-167.50,582
57.04,-170.00,582
56.72,-172.50,582
56.12,-175.00,582
55.33,-177.50,582
55.00,-178.12,582
52.59,180.00,582
50.00,179.57,582
47.50,178.89,582
45.24,177.50,582
42.50,175.85,582
41.24,175.00,582
40.00,174.16,582
37.50,172.54,582
35.00,170.65,582
34.17,170.00,582
32.50,168.73,582
30.69,167.50,582
30.00,166.81,582
28.56,165.00,582
27.65,162.50,582
27.50,162.09,582
26.53,160.00,582
25.82,157.50,582
25.83,155.00,582
27.47,152.50,582
30.00,151.28,582
32.50,150.79,582
35.00,150.56,582
37.50,150.69,582
40.00,150.57,582
42.50,150.01,582
45.00,149.08,582
46.85,147.50,582
47.50,146.66,582
48.30,145.00,582
48.38,142.50,582
47.50,140.53,582
47.18,140.00,582
45.00,138.40,582
44.11,137.50,582
42.50,136.18,582
41.21,135.00,582
40.00,133.85,582
38.35,132.50,582
37.50,131.68,582
35.46,130.00,582
35.00,129.46,582
32.63,127.50,582
30.77,125.00,582
30.32,122.50,582
30.00,120.33,582
29.50,117.50,582
29.92,115.00,582
30.60,112.50,582
32.18,110.00,582
32.50,109.75,582
34.92,107.50,582
36.86,105.00,582
37.50,103.74,582
38.10,102.50,582
38.90,100.00,582
39.55,97.50,582
40.00,96.25,582
40.34,95.00,582
40.71,92.50,582
40.48,90.00,582
40.23,87.50,582
40.28,85.00,582
40.11,82.50,582
40.45,80.00,582
40.31,77.50,582
40.29,75.00,582
40.00,72.95,582
39.90,72.50,582
39.85,70.00,582
39.44,67.50,582
40.00,65.78,582
40.21,65.00,582
41.09,62.50,582
42.02,60.00,582
42.50,58.47,582
42.70,57.50,582
43.01,55.00,582
43.37,52.50,582
42.82,50.00,582
42.50,49.22,582
41.93,47.50,582
41.29,45.00,582
40.00,43.66,582
38.76,42.50,582
37.50,41.46,582
36.44,40.00,582
35.39,37.50,582
35.00,36.56,582
34.42,35.00,582
34.21,32.50,582
35.00,30.00,582
37.50,29.43,582
40.00,29.89,582
42.50,31.54,582
44.15,32.50,582
45.00,33.19,582
47.50,33.85,582
48.10,32.50,582
48.74,30.00,582
48.82,27.50,582
48.61,25.00,582
48.37,22.50,582
48.10,20.00,582
47.83,17.50,582
47.59,15.00,582
47.50,14.44,582
47.07,12.50,582
46.51,10.00,582
45.95,7.50,582
45.56,5.00,582
45.09,2.50,582
44.35,0.00,582

-17.85,0.00,588
-17.63,-2.50,588
-17.50,-4.70,588
-17.13,-7.50,588
-16.80,-10.00,588
-16.56,-12.50,588
-16.35,-15.00,588
-15.99,-17.50,588
-15.55,-20.00,588
-15.21,-22.50,588
-15.00,-23.63,588
-14.63,-25.00,588
-14.30,-27.50,588
-13.91,-30.00,588
-13.37,-32.50,588
-12.68,-35.00,588
-12.55,-37.50,588
-12.50,-38.42,588
-12.25,-40.00,588
-12.44,-42.50,588
-12.38,-45.00,588
-13.51,-47.50,588
-15.00,-49.02,588
-15.74,-50.00,588
-17.50,-51.97,588
-18.14,-52.50,588
-20.00,-54.61,588
-20.26,-55.00,588
-20.95,-57.50,588
-20.37,-60.00,588
-20.00,-61.15,588
-18.93,-62.50,588
-17.50,-64.80,588
-16.17,-65.00,588
-17.12,-67.50,588
-15.00,-68.53,588
-13.95,-67.50,588
-14.75,-65.00,588
-12.67,-62.50,588
-10.00,-60.14,588
-7.50,-60.06,588
-5.00,-60.84,588
-4.74,-60.00,588
-2.50,-57.56,588
-1.28,-55.00,588
0.00,-53.14,588
1.16,-52.50,588
0.00,-51.81,588
-1.16,-50.00,588
0.00,-47.69,588
2.50,-48.07,588
4.09,-47.50,588
5.00,-46.94,588
5.64,-47.50,588
5.68,-50.00,588
5.00,-51.26,588
3.74,-52.50,588
4.11,-55.00,588
4.91,-57.50,588
7.50,-59.07,588
7.79,-60.00,588
7.88,-62.50,588
8.20,-65.00,588
8.17,-67.50,588
8.58,-70.00,588
10.00,-72.33,588
12.50,-74.73,588
13.31,-77.50,588
12.84,-80.00,588
13.87,-82.50,588
14.95,-85.00,588
15.60,-87.50,588
16.33,-90.00,588
16.30,-92.50,588
15.90,-95.00,588
15.70,-97.50,588
17.38,-100.00,588
16.97,-102.50,588
17.33,-105.00,588
17.36,-107.50,588
17.50,-109.62,588
17.54,-110.00,588
18.23,-112.50,588
18.99,-115.00,588
18.11,-117.50,588
17.50,-119.20,588
17.26,-120.00,588
16.57,-122.50,588
16.68,-125.00,588
16.77,-127.50,588
17.02,-130.00,588
17.50,-132.05,588
17.60,-132.50,588
18.04,-135.00,588
18.29,-137.50,588
18.02,-140.00,588
17.75,-142.50,588
17.50,-144.52,588
17.43,-145.00,588
17.14,-147.50,588
17.34,-150.00,588
17.33,-152.50,588
17.03,-155.00,588
16.43,-157.50,588
16.44,-160.00,588
16.29,-162.50,588
16.31,-165.00,588
15.87,-167.50,588
15.49,-170.00,588
15.00,-170.90,588
14.55,-172.50,588
14.39,-175.00,588
14.51,-177.50,588
14.63,180.00,588
15.00,178.92,588
15.65,177.50,588
15.64,175.00,588
15.11,172.50,588
15.00,172.05,588
14.14,170.00,588
13.66,167.50,588
13.31,165.00,588
13.56,162.50,588
14.56,160.00,588
15.00,159.04,588
17.50,158.40,588
17.69,160.00,588
18.00,162.50,588
19.95,165.00,588
22.50,167.10,588
22.84,167.50,588
25.00,169.83,588
27.50,171.81,588
28.43,172.50,588
30.00,173.54,588
31.79,175.00,588
32.50,175.64,588
35.00,177.34,588
35.40,177.50,588
37.50,178.61,588
39.25,180.00,588
40.00,-178.75,588
41.30,-177.50,588
42.50,-176.56,588
45.00,-176.03,588
47.50,-175.30,588
48.00,-175.00,588
50.00,-173.36,588
50.58,-172.50,588
51.64,-170.00,588
51.90,-167.50,588
51.81,-165.00,588
51.38,-162.50,588
50.50,-160.00,588
50.00,-158.93,588
48.19,-157.50,588
47.50,-156.89,588
45.00,-157.49,588
43.59,-160.00,588
42.67,-162.50,588
42.51,-165.00,588
42.33,-167.50,588
41.59,-170.00,588
40.00,-172.18,588
37.50,-172.40,588
35.00,-171.68,588
32.50,-170.05,588
30.00,-168.54,588
27.50,-167.55,588
25.00,-166.95,588
22.50,-166.84,588
20.00,-165.47,588
19.83,-165.00,588
19.98,-162.50,588
20.25,-160.00,588
20.77,-157.50,588
21.34,-155.00,588
22.50,-152.98,588
22.65,-152.50,588
23.51,-150.00,588
24.70,-147.50,588
25.00,-147.08,588
25.85,-145.00,588
26.89,-142.50,588
27.50,-141.05,588
27.84,-140.00,588
28.58,-137.50,588
29.24,-135.00,588
29.92,-132.50,588
30.70,-130.00,588
31.59,-127.50,588
32.50,-125.91,588
32.98,-125.00,588
34.11,-122.50,588
35.00,-121.49,588
36.06,-120.00,588
37.50,-118.69,588
38.64,-117.50,588
40.00,-115.56,588
40.22,-115.00,588
40.67,-112.50,588
40.56,-110.00,588
40.63,-107.50,588
40.06,-105.00,588
40.34,-102.50,588
40.33,-100.00,588
40.00,-98.68,588
39.64,-97.50,588
38.57,-95.00,588
37.62,-92.50,588
35.45,-90.00,588
35.00,-89.64,588
33.24,-90.00,588
32.50,-90.21,588
32.04,-90.00,588
30.00,-89.37,588
28.40,-87.50,588
27.72,-85.00,588
27.73,-82.50,588
28.48,-80.00,588
29.88,-77.50,588
32.50,-75.32,588
32.96,-75.00,588
34.39,-72.50,588
34.31,-70.00,588
33.01,-67.50,588
32.50,-66.66,588
31.51,-65.00,588
30.84,-62.50,588
30.56,-60.00,588
30.08,-57.50,588
30.77,-55.00,588
32.50,-52.68,588
35.00,-51.37,588
37.24,-50.00,588
40.00,-48.88,588
41.63,-47.50,588
42.50,-46.44,588
43.06,-45.00,588
43.64,-42.50,588
43.82,-40.00,588
43.79,-37.50,588
43.61,-35.00,588
43.29,-32.50,588
42.89,-30.00,588
42.50,-27.74,588
41.32,-25.00,588
40.28,-22.50,588
40.00,-21.94,588
38.21,-20.00,588
37.50,-19.33,588
35.88,-17.50,588
36.05,-15.00,588
36.74,-12.50,588
37.50,-10.66,588
37.70,-10.00,588
38.52,-7.50,588
39.34,-5.00,588
39.93,-2.50,588
40.73,0.00,588

-12.03,-70.00,588
-12.50,-69.31,588
-13.17,-70.00,588
-12.50,-70.23,588
-12.03,-70.00,588

-18.27,47.50,588
-18.00,50.00,588
-18.90,52.50,588
-20.00,54.29,588
-22.50,53.78,588
-23.15,52.50,588
-23.34,50.00,588
-22.58,47.50,588
-20.00,45.94,588
-18.27,47.50,588

-8.29,0.00,588
-7.89,-2.50,588
-7.52,-5.00,588
-6.55,-7.50,588
-5.42,-10.00,588
-5.00,-10.62,588
-2.50,-11.77,588
0.00,-11.60,588
0.68,-12.50,588
2.50,-14.34,588
3.94,-12.50,588
4.82,-10.00,588
6.75,-7.50,588
7.50,-6.58,588
9.56,-5.00,588
10.00,-4.71,588
12.00,-2.50,588
10.98,0.00,588

40.73,0.00,588
41.06,2.50,588
41.53,5.00,588
41.94,7.50,588
42.50,9.81,588
43.05,12.50,588
43.34,15.00,588
43.32,17.50,588
42.91,20.00,588
42.50,20.82,588
40.00,22.02,588
37.50,22.33,588
35.93,22.50,588
35.00,22.62,588
32.50,23.65,588
30.33,25.00,588
30.00,25.31,588
27.50,27.04,588
26.82,27.50,588
25.00,29.50,588
24.66,30.00,588
23.75,32.50,588
22.50,34.71,588
21.65,37.50,588
22.50,39.46,588
22.77,40.00,588
25.00,41.82,588
26.39,42.50,588
25.00,44.66,588
22.50,44.82,588
22.02,45.00,588
20.00,46.80,588
18.43,45.00,588
17.66,42.50,588
15.94,40.00,588
15.74,37.50,588
15.84,35.00,588
15.83,32.50,588
15.00,30.09,588
14.59,27.50,588
12.50,26.88,588
11.13,25.00,588
11.36,22.50,588
10.74,20.00,588
11.24,17.50,588
12.12,15.00,588
12.50,13.22,588
12.63,12.50,588
12.50,12.15,588
11.59,10.00,588
10.39,7.50,588
10.00,6.49,588
8.80,5.00,588
9.58,2.50,588
10.00,2.07,588
10.98,0.00,588

-8.29,0.00,588
-9.58,2.50,588
-10.00,3.87,588
-10.24,5.00,588
-11.29,7.50,588
-12.50,9.14,588
-13.06,10.00,588
-14.40,12.50,588
-15.00,13.25,588
-16.38,15.00,588
-17.50,16.62,588
-18.91,17.50,588
-20.00,18.30,588
-20.60,17.50,588
-20.72,15.00,588
-20.73,12.50,588
-20.38,10.00,588
-20.00,8.53,588
-19.46,7.50,588
-18.79,5.00,588
-18.27,2.50,588
-17.85,0.00,588

40.33,140.00,588
41.60,142.50,588
40.00,144.06,588
37.50,144.79,588
35.00,144.80,588
32.50,144.94,588
30.00,144.70,588
27.50,145.00,588
25.00,143.35,588
24.97,142.50,588
25.00,141.25,588
25.03,140.00,588
25.85,137.50,588
27.50,135.12,588
27.85,135.00,588
30.00,134.77,588
32.50,134.86,588
32.83,135.00,588
35.00,136.01,588
37.50,137.08,588
38.14,137.50,588
40.00,139.65,588
40.33,140.00,588

33.10,50.00,588
33.64,52.50,588
32.50,54.83,588
30.00,57.47,588
27.81,60.00,588
27.50,60.47,588
25.61,60.00,588
25.00,59.26,588
24.59,57.50,588
23.18,55.00,588
22.50,53.35,588
22.31,52.50,588
22.08,50.00,588
22.50,49.07,588
23.08,50.00,588
25.00,51.55,588
26.51,52.50,588
27.50,52.98,588
27.94,52.50,588
30.00,50.22,588
30.44,50.00,588
32.50,49.01,588
33.10,50.00,588

18.45,147.50,588
19.46,150.00,588
19.15,152.50,588
18.37,155.00,588
17.50,157.23,588
15.00,156.35,588
14.09,155.00,588
12.94,152.50,588
13.09,150.00,588
15.00,147.59,588
17.50,146.33,588
18.45,147.50,588

12.55,-25.00,588
12.50,-25.85,588
12.55,-25.00,588

0.31,-45.00,588
0.00,-43.57,588
-0.22,-45.00,588
0.00,-46.79,588
0.31,-45.00,588

-1.94,-40.00,588
-2.50,-39.39,588
-2.68,-40.00,588
-2.50,-40.34,588
-1.94,-40.00,588

37.59,-40.00,594
38.30,-37.50,594
37.64,-35.00,594
35.65,-32.50,594
35.00,-31.68,594
33.16,-30.00,594
32.50,-29.58,594
30.00,-28.33,594
27.50,-27.64,594
26.44,-27.50,594
25.00,-27.32,594
22.91,-30.00,594
22.83,-32.50,594
23.81,-35.00,594
25.00,-35.90,594
27.50,-36.94,594
28.81,-37.50,594
30.00,-37.97,594
32.50,-38.73,594
34.31,-40.00,594
35.00,-40.40,594
37.50,-40.12,594
37.59,-40.00,594

[Latitude],[Longitude],[HI=1/LO=0],[Value]
-52.51,103.30,0,485
-61.26,18.49,0,485
-61.03,83.68,0,485
-62.56,-91.42,0,485
-69.91,38.30,0,485
-72.62,62.00,0,485
55.33,-6.65,0,545
46.46,123.39,0,551
68.34,-92.00,1,565
56.74,116.76,1,571
27.63,53.73,1,589
-20.68,49.89,1,589
