[Latitude],[Longitude],[Value]
-77.50,146.89,486
-76.58,145.00,486
-75.24,142.50,486
-73.38,140.00,486
-72.50,138.38,486
-71.76,140.00,486
-70.00,141.51,486
-69.26,142.50,486
-67.50,144.58,486
-66.97,147.50,486
-66.75,150.00,486
-66.67,152.50,486
-66.75,155.00,486
-67.01,157.50,486
-67.45,160.00,486
-67.72,162.50,486
-67.97,165.00,486
-68.28,167.50,486
-68.67,170.00,486
-69.09,172.50,486
-69.54,175.00,486
-69.94,177.50,486
-70.54,180.00,486
-71.37,-177.50,486
-72.44,-175.00,486
-73.17,-172.50,486
-74.03,-170.00,486
-74.98,-167.50,486
-75.64,-165.00,486
-76.41,-162.50,486
-77.29,-160.00,486
-77.50,-159.40,486

-63.20,0.00,486
-62.50,-1.10,486
-60.00,-2.49,486
-57.50,-0.05,486
-57.48,0.00,486

-57.48,0.00,486
-57.05,2.50,486
-56.96,5.00,486
-57.13,7.50,486
-57.42,10.00,486
-57.50,10.61,486
-57.92,12.50,486
-58.47,15.00,486
-59.03,17.50,486
-59.58,20.00,486
-60.00,22.23,486
-60.39,25.00,486
-60.18,27.50,486
-60.13,30.00,486
-61.04,32.50,486
-62.05,35.00,486
-62.50,36.14,486
-63.42,37.50,486
-65.00,40.00,486
-66.50,37.50,486
-67.50,35.94,486
-67.73,35.00,486
-68.18,32.50,486
-68.48,30.00,486
-68.72,27.50,486
-68.84,25.00,486
-68.83,22.50,486
-68.69,20.00,486
-68.45,17.50,486
-68.06,15.00,486
-67.50,12.66,486
-66.69,10.00,486
-66.07,7.50,486
-65.44,5.00,486
-65.00,3.71,486
-64.46,2.50,486
-63.20,0.00,486

-54.04,70.00,486
-53.62,72.50,486
-53.70,75.00,486
-53.96,77.50,486
-54.37,80.00,486
-55.00,81.97,486
-55.14,82.50,486
-55.95,85.00,486
-56.90,87.50,486
-57.50,88.68,486
-58.12,90.00,486
-59.81,92.50,486
-61.00,92.50,486
-62.50,91.92,486
-63.49,90.00,486
-64.09,87.50,486
-64.34,85.00,486
-64.44,82.50,486
-64.41,80.00,486
-64.02,77.50,486
-62.71,75.00,486
-61.41,72.50,486
-60.00,70.94,486
-59.33,70.00,486
-57.50,67.90,486
-55.00,67.99,486
-54.04,70.00,486

-61.96,-102.50,486
-61.11,-100.00,486
-60.28,-97.50,486
-60.64,-95.00,486
-62.50,-92.64,486
-65.00,-91.62,486
-66.55,-92.50,486
-67.50,-93.60,486
-70.00,-93.11,486
-72.50,-92.97,486
-72.87,-92.50,486
-75.00,-91.11,486
-75.54,-92.50,486
-75.91,-95.00,486
-75.95,-97.50,486
-75.74,-100.00,486
-75.47,-102.50,486
-75.00,-104.62,486
-72.50,-102.71,486
-70.00,-103.31,486
-69.66,-105.00,486
-68.93,-107.50,486
-67.50,-109.48,486
-65.00,-109.54,486
-63.58,-107.50,486
-62.71,-105.00,486
-62.50,-104.04,486
-61.96,-102.50,486

-69.36,60.00,486
-68.87,62.50,486
-68.59,65.00,486
-68.52,67.50,486
-68.61,70.00,486
-68.97,72.50,486
-70.00,74.91,486
-72.50,76.20,486
-73.09,75.00,486
-74.09,72.50,486
-74.67,70.00,486
-74.93,67.50,486
-74.99,65.00,486
-74.85,62.50,486
-74.42,60.00,486
-73.63,57.50,486
-72.56,55.00,486
-70.18,57.50,486
-69.36,60.00,486

-77.50,126.12,492
-76.83,125.00,492
-75.19,122.50,492
-73.63,120.00,492
-72.50,117.58,492
-71.41,120.00,492
-70.72,122.50,492
-70.03,125.00,492
-69.50,127.50,492
-68.98,130.00,492
-68.48,132.50,492
-67.75,135.00,492
-67.50,135.64,492
-66.82,137.50,492
-66.03,140.00,492
-65.45,142.50,492
-65.02,145.00,492
-62.50,147.14,492
-60.00,147.34,492
-59.40,150.00,492
-59.33,152.50,492
-59.69,155.00,492
-60.00,156.44,492
-60.56,157.50,492
-61.46,160.00,492
-62.22,162.50,492
-62.50,163.45,492
-65.00,164.41,492
-65.78,167.50,492
-66.40,170.00,492
-66.91,172.50,492
-67.29,175.00,492
-67.50,177.32,492
-67.68,180.00,492
-67.91,-177.50,492
-68.27,-175.00,492
-68.93,-172.50,492
-69.80,-170.00,492
-71.43,-167.50,492
-72.50,-165.68,492
-73.58,-162.50,492
-74.43,-160.00,492
-75.00,-158.47,492
-75.31,-157.50,492
-76.11,-155.00,492
-76.78,-152.50,492
-77.34,-150.00,492
-77.50,-149.07,492

-77.50,-129.32,492
-76.97,-127.50,492
-76.08,-125.00,492
-75.16,-122.50,492
-74.56,-120.00,492
-73.68,-117.50,492
-72.50,-115.47,492
-70.48,-112.50,492
-70.00,-112.02,492
-69.31,-112.50,492
-67.50,-113.30,492
-65.00,-112.84,492
-62.66,-110.00,492
-61.42,-107.50,492
-60.37,-105.00,492
-60.00,-104.00,492
-59.34,-102.50,492
-58.21,-100.00,492
-57.66,-97.50,492
-58.30,-95.00,492
-59.78,-92.50,492
-62.07,-90.00,492
-62.50,-89.55,492
-65.00,-87.98,492
-66.65,-87.50,492
-67.50,-87.17,492
-70.00,-85.99,492
-71.09,-85.00,492
-72.50,-83.65,492
-74.58,-82.50,492
-75.00,-82.18,492
-77.18,-80.00,492
-77.50,-79.51,492

-65.27,0.00,492
-65.00,-0.44,492
-63.73,-2.50,492
-62.50,-3.86,492
-60.00,-4.89,492
-57.50,-3.25,492
-57.06,-2.50,492
-56.23,0.00,492

-56.23,0.00,492
-55.82,2.50,492
-55.71,5.00,492
-55.80,7.50,492
-55.99,10.00,492
-56.28,12.50,492
-56.63,15.00,492
-57.05,17.50,492
-57.50,19.92,492
-58.04,22.50,492
-58.27,25.00,492
-58.30,27.50,492
-58.28,30.00,492
-58.35,32.50,492
-58.72,35.00,492
-59.12,37.50,492
-59.60,40.00,492
-60.00,42.13,492
-60.57,45.00,492
-60.66,47.50,492
-60.52,50.00,492
-60.00,52.31,492
-62.50,53.56,492
-65.00,54.42,492
-65.06,57.50,492
-65.00,58.91,492
-64.90,60.00,492
-63.56,62.50,492
-62.50,62.98,492
-60.00,63.33,492
-57.50,62.52,492
-55.00,64.02,492
-54.48,65.00,492
-52.95,67.50,492
-52.50,68.70,492
-52.16,70.00,492
-51.87,72.50,492
-51.88,75.00,492
-52.14,77.50,492
-52.48,80.00,492
-53.15,82.50,492
-53.96,85.00,492
-55.00,86.93,492
-55.19,87.50,492
-56.25,90.00,492
-57.50,91.92,492
-57.85,92.50,492
-59.86,95.00,492
-62.50,95.88,492
-63.62,95.00,492
-65.00,92.66,492
-65.49,92.50,492
-67.50,91.38,492
-69.12,90.00,492
-70.00,88.89,492
-72.50,87.61,492
-73.39,85.00,492
-74.60,82.50,492
-75.00,81.70,492
-75.29,80.00,492
-75.66,77.50,492
-75.97,75.00,492
-76.20,72.50,492
-76.36,70.00,492
-76.42,67.50,492
-76.39,65.00,492
-76.30,62.50,492
-76.12,60.00,492
-75.83,57.50,492
-75.39,55.00,492
-75.00,53.31,492
-74.67,52.50,492
-73.60,50.00,492
-72.50,47.55,492
-70.50,45.00,492
-70.27,42.50,492
-70.39,40.00,492
-70.71,37.50,492
-71.04,35.00,492
-71.35,32.50,492
-71.56,30.00,492
-71.75,27.50,492
-71.80,25.00,492
-71.76,22.50,492
-71.50,20.00,492
-71.07,17.50,492
-70.40,15.00,492
-70.00,14.01,492
-69.68,12.50,492
-69.02,10.00,492
-68.18,7.50,492
-67.50,5.99,492
-67.20,5.00,492
-66.39,2.50,492
-65.27,0.00,492

-46.11,87.50,492
-47.34,90.00,492
-47.86,90.00,492
-49.00,87.50,492
-47.50,86.07,492
-46.11,87.50,492

-77.50,58.38,498
-77.26,55.00,498
-76.99,52.50,498
-76.63,50.00,498
-76.19,47.50,498
-75.68,45.00,498
-75.12,42.50,498
-74.74,40.00,498
-74.59,37.50,498
-74.61,35.00,498
-74.76,32.50,498
-74.95,30.00,498
-75.18,27.50,498
-75.37,25.00,498
-75.41,22.50,498
-75.37,20.00,498
-75.26,17.50,498
-75.00,16.09,498
-74.59,12.50,498
-74.05,10.00,498
-72.50,7.71,498
-70.76,5.00,498
-70.00,4.55,498
-69.18,2.50,498
-67.50,0.14,498
-67.45,0.00,498

-77.50,79.48,498
-77.30,82.50,498
-77.09,85.00,498
-76.83,87.50,498
-76.57,90.00,498
-76.35,92.50,498
-76.22,95.00,498
-76.17,97.50,498
-76.23,100.00,498
-76.45,102.50,498
-76.81,105.00,498
-77.39,107.50,498
-77.50,107.84,498

-77.50,-69.68,498
-76.33,-72.50,498
-75.00,-74.65,498
-73.52,-77.50,498
-72.50,-78.75,498
-71.46,-80.00,498
-70.00,-81.51,498
-67.50,-82.45,498
-65.00,-83.05,498
-63.62,-85.00,498
-62.50,-86.00,498
-60.99,-87.50,498
-60.00,-88.55,498
-58.90,-90.00,498
-57.50,-92.07,498
-56.25,-95.00,498
-55.86,-97.50,498
-56.10,-100.00,498
-56.80,-102.50,498
-57.50,-104.22,498
-57.91,-105.00,498
-59.12,-107.50,498
-60.00,-109.39,498
-60.33,-110.00,498
-61.69,-112.50,498
-62.50,-114.12,498
-63.20,-115.00,498
-64.66,-117.50,498
-65.00,-118.16,498
-66.58,-120.00,498
-67.50,-121.53,498
-68.33,-122.50,498
-70.00,-124.86,498
-71.79,-127.50,498
-72.50,-128.84,498
-73.08,-130.00,498
-73.97,-132.50,498
-74.47,-135.00,498
-74.70,-137.50,498
-74.75,-140.00,498
-74.70,-142.50,498
-74.60,-145.00,498
-74.42,-147.50,498
-74.05,-150.00,498
-73.45,-152.50,498
-72.67,-155.00,498
-71.96,-157.50,498
-71.17,-160.00,498
-70.09,-162.50,498
-69.12,-165.00,498
-67.90,-167.50,498
-67.50,-168.26,498
-66.76,-170.00,498
-66.19,-172.50,498
-65.99,-175.00,498
-65.99,-177.50,498
-65.92,180.00,498
-65.68,177.50,498
-65.20,175.00,498
-65.00,174.23,498
-63.60,172.50,498
-62.50,171.12,498
-62.26,170.00,498
-61.82,167.50,498
-61.21,165.00,498
-60.41,162.50,498
-60.00,161.40,498
-59.67,160.00,498
-59.14,157.50,498
-58.61,155.00,498
-58.21,152.50,498
-58.13,150.00,498
-58.40,147.50,498
-58.90,145.00,498
-59.43,142.50,498
-59.81,140.00,498
-60.00,138.63,498
-60.94,137.50,498
-62.50,136.10,498
-63.05,135.00,498
-64.08,132.50,498
-64.92,130.00,498
-65.41,127.50,498
-65.69,125.00,498
-65.79,122.50,498
-65.85,120.00,498
-65.83,117.50,498
-65.88,115.00,498
-65.98,112.50,498
-65.93,110.00,498
-65.65,107.50,498
-65.08,105.00,498
-64.09,102.50,498
-62.50,100.95,498
-60.00,100.83,498
-59.19,100.00,498
-58.35,97.50,498
-57.50,95.94,498
-56.99,95.00,498
-55.22,92.50,498
-52.50,90.33,498
-50.49,92.50,498
-50.00,92.76,498
-47.50,94.72,498
-46.15,92.50,498
-45.05,90.00,498
-44.36,87.50,498
-45.00,85.79,498
-45.76,85.00,498
-47.50,83.43,498
-49.65,82.50,498
-50.00,80.46,498
-50.07,77.50,498
-50.00,75.38,498
-50.00,74.79,498
-50.11,72.50,498
-50.57,70.00,498
-51.37,67.50,498
-52.30,65.00,498
-52.50,64.53,498
-53.77,62.50,498
-54.84,60.00,498
-56.12,57.50,498
-56.84,55.00,498
-57.36,52.50,498
-57.50,51.24,498
-57.72,50.00,498
-57.98,47.50,498
-57.98,45.00,498
-57.83,42.50,498
-57.50,40.86,498
-57.41,40.00,498
-57.17,37.50,498
-56.97,35.00,498
-56.79,32.50,498
-56.77,30.00,498
-56.73,27.50,498
-56.61,25.00,498
-56.38,22.50,498
-55.99,20.00,498
-55.56,17.50,498
-55.14,15.00,498
-55.00,13.94,498
-54.84,12.50,498
-54.62,10.00,498
-54.50,7.50,498
-54.46,5.00,498
-54.57,2.50,498
-54.97,0.00,498

-67.45,0.00,498
-66.23,-2.50,498
-65.00,-3.96,498
-64.11,-5.00,498
-62.50,-6.32,498
-60.00,-6.91,498
-57.50,-5.67,498
-56.95,-5.00,498
-55.65,-2.50,498
-55.00,-0.10,498
-54.97,0.00,498

-77.50,-62.86,504
-76.85,-65.00,504
-75.99,-67.50,504
-75.00,-69.61,504
-73.44,-72.50,504
-72.50,-74.40,504
-72.05,-75.00,504
-70.00,-77.43,504
-67.50,-78.54,504
-65.00,-78.68,504
-63.91,-80.00,504
-62.50,-82.07,504
-62.13,-82.50,504
-60.00,-84.75,504
-59.68,-85.00,504
-57.50,-87.35,504
-56.07,-90.00,504
-55.00,-92.48,504
-54.22,-95.00,504
-53.96,-97.50,504
-54.24,-100.00,504
-54.94,-102.50,504
-55.96,-105.00,504
-57.15,-107.50,504
-57.50,-108.16,504
-58.45,-110.00,504
-59.74,-112.50,504
-60.00,-113.01,504
-61.04,-115.00,504
-62.22,-117.50,504
-62.50,-118.18,504
-63.42,-120.00,504
-64.67,-122.50,504
-65.00,-123.12,504
-66.11,-125.00,504
-67.50,-127.34,504
-68.99,-130.00,504
-69.98,-132.50,504
-70.62,-135.00,504
-70.96,-137.50,504
-71.11,-140.00,504
-71.19,-142.50,504
-71.21,-145.00,504
-71.11,-147.50,504
-70.85,-150.00,504
-70.42,-152.50,504
-70.00,-154.38,504
-69.37,-157.50,504
-68.69,-160.00,504
-67.84,-162.50,504
-67.50,-163.30,504
-66.67,-165.00,504
-65.37,-167.50,504
-65.00,-168.50,504
-64.47,-170.00,504
-64.19,-172.50,504
-64.17,-175.00,504
-64.20,-177.50,504
-63.99,180.00,504
-63.15,177.50,504
-62.50,176.53,504
-61.68,175.00,504
-60.92,172.50,504
-60.51,170.00,504
-60.10,167.50,504
-59.58,165.00,504
-59.03,162.50,504
-58.53,160.00,504
-58.04,157.50,504
-57.54,155.00,504
-57.12,152.50,504
-56.99,150.00,504
-57.06,147.50,504
-57.23,145.00,504
-57.38,142.50,504
-57.48,140.00,504
-57.50,139.27,504
-57.60,137.50,504
-57.72,135.00,504
-58.02,132.50,504
-58.78,130.00,504
-59.77,127.50,504
-60.00,126.89,504
-60.63,125.00,504
-61.02,122.50,504
-61.23,120.00,504
-61.54,117.50,504
-61.87,115.00,504
-61.96,112.50,504
-61.73,110.00,504
-60.92,107.50,504
-60.00,106.40,504
-57.50,105.36,504
-56.88,105.00,504
-55.00,103.05,504
-54.85,102.50,504
-55.00,100.86,504
-55.13,100.00,504
-55.00,98.86,504
-54.74,97.50,504
-52.50,95.79,504
-50.00,95.93,504
-47.50,96.61,504
-45.20,95.00,504
-44.35,92.50,504
-43.73,90.00,504
-43.29,87.50,504
-44.04,85.00,504
-45.00,83.30,504
-45.88,82.50,504
-47.04,80.00,504
-47.50,78.46,504
-47.79,77.50,504
-48.28,75.00,504
-48.58,72.50,504
-49.19,70.00,504
-49.97,67.50,504
-51.04,65.00,504
-52.13,62.50,504
-52.50,61.56,504
-53.33,60.00,504
-54.34,57.50,504
-55.00,55.13,504
-55.79,52.50,504
-56.23,50.00,504
-56.44,47.50,504
-56.50,45.00,504
-56.46,42.50,504
-56.18,40.00,504
-56.00,37.50,504
-55.79,35.00,504
-55.58,32.50,504
-55.46,30.00,504
-55.35,27.50,504
-55.14,25.00,504
-55.00,23.74,504
-54.89,22.50,504
-54.58,20.00,504
-54.24,17.50,504
-53.90,15.00,504
-53.61,12.50,504
-53.39,10.00,504
-53.25,7.50,504
-53.22,5.00,504
-53.30,2.50,504
-53.53,0.00,504

-77.50,-30.88,504
-76.78,-27.50,504
-76.21,-25.00,504
-75.51,-22.50,504
-75.00,-20.92,504
-74.72,-20.00,504
-74.08,-17.50,504
-73.31,-15.00,504
-72.50,-13.50,504
-71.55,-12.50,504
-70.00,-10.46,504
-68.57,-7.50,504
-67.50,-6.74,504
-66.59,-7.50,504
-65.00,-8.50,504
-62.50,-9.51,504
-60.00,-9.51,504
-57.50,-8.41,504
-56.54,-7.50,504
-55.00,-5.17,504
-54.03,-2.50,504
-53.53,0.00,504

-77.50,-50.82,510
-77.34,-52.50,510
-77.00,-55.00,510
-76.55,-57.50,510
-76.09,-60.00,510
-75.64,-62.50,510
-75.00,-64.77,510
-73.03,-67.50,510
-72.50,-68.70,510
-71.89,-70.00,510
-70.04,-72.50,510
-67.50,-74.36,510
-66.70,-75.00,510
-65.00,-75.77,510
-63.42,-77.50,510
-62.50,-78.63,510
-61.33,-80.00,510
-60.00,-81.51,510
-58.50,-82.50,510
-57.50,-83.27,510
-55.57,-85.00,510
-55.00,-85.92,510
-54.37,-87.50,510
-53.57,-90.00,510
-52.79,-92.50,510
-52.50,-93.54,510
-52.07,-95.00,510
-51.82,-97.50,510
-52.28,-100.00,510
-52.50,-100.57,510
-53.05,-102.50,510
-54.07,-105.00,510
-55.00,-106.83,510
-55.32,-107.50,510
-56.59,-110.00,510
-57.50,-111.74,510
-57.89,-112.50,510
-59.08,-115.00,510
-60.00,-117.25,510
-61.05,-120.00,510
-61.87,-122.50,510
-62.50,-124.62,510
-63.97,-127.50,510
-64.99,-130.00,510
-66.20,-132.50,510
-67.05,-135.00,510
-67.50,-136.79,510
-68.14,-140.00,510
-68.47,-142.50,510
-68.65,-145.00,510
-68.66,-147.50,510
-68.51,-150.00,510
-68.25,-152.50,510
-67.86,-155.00,510
-67.50,-156.65,510
-67.23,-157.50,510
-66.25,-160.00,510
-65.22,-162.50,510
-63.96,-165.00,510
-62.75,-167.50,510
-62.50,-168.49,510
-62.15,-170.00,510
-62.26,-172.50,510
-62.41,-175.00,510
-62.32,-177.50,510
-61.71,180.00,510
-60.38,177.50,510
-60.00,176.67,510
-59.46,175.00,510
-59.09,172.50,510
-58.78,170.00,510
-58.50,167.50,510
-58.16,165.00,510
-57.78,162.50,510
-57.50,160.77,510
-57.35,160.00,510
-56.84,157.50,510
-56.40,155.00,510
-56.08,152.50,510
-55.98,150.00,510
-56.03,147.50,510
-56.14,145.00,510
-56.27,142.50,510
-56.35,140.00,510
-56.42,137.50,510
-56.40,135.00,510
-56.34,132.50,510
-56.36,130.00,510
-56.55,127.50,510
-56.89,125.00,510
-57.35,122.50,510
-57.50,121.92,510
-58.30,120.00,510
-58.89,117.50,510
-59.18,115.00,510
-59.08,112.50,510
-57.99,110.00,510
-57.50,109.52,510
-55.00,107.65,510
-53.48,105.00,510
-52.87,102.50,510
-52.50,100.92,510
-51.89,100.00,510
-50.00,98.92,510
-47.50,98.32,510
-46.33,97.50,510
-45.00,96.56,510
-43.88,95.00,510
-43.00,92.50,510
-42.50,90.29,510
-42.21,87.50,510
-42.50,85.93,510
-42.71,85.00,510
-43.94,82.50,510
-44.85,80.00,510
-45.00,79.54,510
-45.92,77.50,510
-46.63,75.00,510
-47.16,72.50,510
-47.50,71.36,510
-47.93,70.00,510
-48.87,67.50,510
-49.83,65.00,510
-50.98,62.50,510
-52.04,60.00,510
-52.50,58.74,510
-53.07,57.50,510
-53.92,55.00,510
-54.48,52.50,510
-54.88,50.00,510
-55.00,48.60,510
-55.12,47.50,510
-55.24,45.00,510
-55.24,42.50,510
-55.00,40.38,510
-54.86,37.50,510
-54.68,35.00,510
-54.50,32.50,510
-54.36,30.00,510
-54.21,27.50,510
-53.99,25.00,510
-53.72,22.50,510
-53.38,20.00,510
-53.02,17.50,510
-52.68,15.00,510
-52.50,13.42,510
-52.35,12.50,510
-51.99,10.00,510
-51.76,7.50,510
-51.67,5.00,510
-51.70,2.50,510
-51.84,0.00,510

-77.50,-42.57,510
-77.29,-40.00,510
-76.94,-37.50,510
-76.50,-35.00,510
-76.03,-32.50,510
-75.49,-30.00,510
-75.00,-28.16,510
-73.96,-25.00,510
-73.06,-22.50,510
-72.50,-21.05,510
-71.78,-20.00,510
-70.08,-17.50,510
-67.50,-16.80,510
-65.00,-17.40,510
-62.50,-17.48,510
-60.00,-16.23,510
-58.09,-15.00,510
-57.50,-14.43,510
-55.00,-12.87,510
-53.83,-10.00,510
-53.00,-7.50,510
-52.50,-5.00,510
-52.08,-2.50,510
-51.84,0.00,510

-49.24,0.00,516
-49.05,-2.50,516
-48.02,-5.00,516
-47.50,-5.89,516
-46.96,-7.50,516
-46.90,-10.00,516
-47.50,-11.68,516
-48.46,-12.50,516
-50.00,-14.44,516
-51.59,-15.00,516
-52.50,-15.14,516
-54.17,-17.50,516
-55.00,-18.11,516
-57.50,-18.87,516
-60.00,-19.76,516
-60.66,-20.00,516
-62.50,-20.81,516
-65.00,-21.57,516
-67.50,-21.94,516
-68.64,-22.50,516
-70.00,-23.19,516
-71.22,-25.00,516
-72.50,-27.26,516
-73.32,-30.00,516
-73.99,-32.50,516
-74.53,-35.00,516
-74.96,-37.50,516
-75.17,-40.00,516
-75.18,-42.50,516
-75.07,-45.00,516
-74.78,-47.50,516
-74.33,-50.00,516
-74.03,-52.50,516
-73.63,-55.00,516
-73.20,-57.50,516
-72.57,-60.00,516
-71.34,-62.50,516
-70.58,-65.00,516
-70.00,-65.87,516
-68.70,-67.50,516
-67.50,-68.99,516
-66.62,-70.00,516
-65.00,-71.63,516
-64.45,-72.50,516
-62.76,-75.00,516
-60.70,-77.50,516
-60.00,-78.32,516
-57.81,-80.00,516
-55.00,-81.14,516
-54.11,-82.50,516
-52.73,-85.00,516
-52.50,-85.59,516
-51.93,-87.50,516
-51.05,-90.00,516
-50.40,-92.50,516
-50.00,-94.10,516
-49.74,-95.00,516
-49.29,-97.50,516
-49.66,-100.00,516
-50.00,-100.69,516
-50.71,-102.50,516
-52.00,-105.00,516
-52.50,-105.85,516
-53.28,-107.50,516
-54.62,-110.00,516
-55.00,-110.75,516
-55.86,-112.50,516
-57.03,-115.00,516
-57.50,-116.18,516
-58.02,-117.50,516
-58.91,-120.00,516
-59.70,-122.50,516
-60.00,-123.44,516
-60.53,-125.00,516
-61.40,-127.50,516
-62.22,-130.00,516
-62.50,-131.01,516
-63.10,-132.50,516
-63.96,-135.00,516
-64.72,-137.50,516
-65.00,-138.50,516
-65.45,-140.00,516
-66.04,-142.50,516
-66.34,-145.00,516
-66.40,-147.50,516
-66.24,-150.00,516
-65.87,-152.50,516
-65.21,-155.00,516
-65.00,-155.62,516
-64.08,-157.50,516
-62.60,-160.00,516
-61.49,-162.50,516
-60.74,-165.00,516
-60.05,-167.50,516
-59.70,-170.00,516
-60.00,-172.44,516
-60.16,-175.00,516
-60.02,-177.50,516
-59.34,180.00,516
-58.17,177.50,516
-57.55,175.00,516
-57.28,172.50,516
-56.98,170.00,516
-56.80,167.50,516
-56.56,165.00,516
-56.26,162.50,516
-55.91,160.00,516
-55.56,157.50,516
-55.25,155.00,516
-55.04,152.50,516
-55.00,151.05,516
-54.96,150.00,516
-54.98,147.50,516
-55.06,145.00,516
-55.16,142.50,516
-55.21,140.00,516
-55.29,137.50,516
-55.21,135.00,516
-55.01,132.50,516
-54.85,130.00,516
-54.91,127.50,516
-55.00,126.94,516
-55.31,125.00,516
-55.80,122.50,516
-56.32,120.00,516
-56.81,117.50,516
-56.91,115.00,516
-56.29,112.50,516
-55.00,110.88,516
-54.44,110.00,516
-52.79,107.50,516
-52.50,106.98,516
-51.43,105.00,516
-50.02,102.50,516
-47.53,100.00,516
-45.00,98.21,516
-44.44,97.50,516
-42.67,95.00,516
-42.50,94.54,516
-41.86,92.50,516
-41.31,90.00,516
-41.15,87.50,516
-41.56,85.00,516
-42.39,82.50,516
-43.57,80.00,516
-44.42,77.50,516
-45.00,75.12,516
-45.97,72.50,516
-46.84,70.00,516
-47.50,68.17,516
-47.77,67.50,516
-48.84,65.00,516
-49.86,62.50,516
-51.01,60.00,516
-51.95,57.50,516
-52.50,55.84,516
-52.81,55.00,516
-53.43,52.50,516
-53.82,50.00,516
-54.06,47.50,516
-54.18,45.00,516
-54.20,42.50,516
-54.02,40.00,516
-53.91,37.50,516
-53.73,35.00,516
-53.53,32.50,516
-53.37,30.00,516
-53.15,27.50,516
-52.88,25.00,516
-52.56,22.50,516
-52.18,20.00,516
-51.76,17.50,516
-51.25,15.00,516
-50.68,12.50,516
-50.18,10.00,516
-50.00,8.56,516
-49.76,7.50,516
-49.24,5.00,516
-49.13,2.50,516
-49.24,0.00,516

-43.99,0.00,522
-45.00,-1.28,522
-45.53,-2.50,522
-45.11,-5.00,522
-44.48,-7.50,522
-44.32,-10.00,522
-45.00,-12.42,522
-46.26,-15.00,522
-47.31,-17.50,522
-50.00,-19.49,522
-52.50,-19.63,522
-53.11,-20.00,522
-55.00,-20.79,522
-57.50,-21.67,522
-59.24,-22.50,522
-60.00,-23.01,522
-62.46,-25.00,522
-65.00,-27.06,522
-66.84,-27.50,522
-67.50,-27.68,522
-70.00,-29.64,522
-71.13,-32.50,522
-71.90,-35.00,522
-72.37,-37.50,522
-72.50,-39.81,522
-72.27,-42.50,522
-71.82,-45.00,522
-71.33,-47.50,522
-70.86,-50.00,522
-70.36,-52.50,522
-70.00,-54.20,522
-69.78,-55.00,522
-68.87,-57.50,522
-68.01,-60.00,522
-67.50,-61.11,522
-66.89,-62.50,522
-65.40,-65.00,522
-65.00,-65.56,522
-63.65,-67.50,522
-62.50,-69.07,522
-61.94,-70.00,522
-60.70,-72.50,522
-60.00,-73.68,522
-59.24,-75.00,522
-57.50,-76.83,522
-56.93,-77.50,522
-55.00,-78.67,522
-54.06,-80.00,522
-52.50,-82.21,522
-51.21,-85.00,522
-50.00,-87.35,522
-48.88,-90.00,522
-47.68,-92.50,522
-47.50,-93.09,522
-46.88,-95.00,522
-46.43,-97.50,522
-46.39,-100.00,522
-47.50,-102.35,522
-49.23,-105.00,522
-50.00,-105.98,522
-50.88,-107.50,522
-52.44,-110.00,522
-53.70,-112.50,522
-54.90,-115.00,522
-55.94,-117.50,522
-56.89,-120.00,522
-57.50,-121.75,522
-57.75,-122.50,522
-58.58,-125.00,522
-59.42,-127.50,522
-60.00,-129.16,522
-60.30,-130.00,522
-61.03,-132.50,522
-61.62,-135.00,522
-62.30,-137.50,522
-62.50,-138.16,522
-63.12,-140.00,522
-63.70,-142.50,522
-63.97,-145.00,522
-63.95,-147.50,522
-63.64,-150.00,522
-62.95,-152.50,522
-62.50,-153.55,522
-61.94,-155.00,522
-60.69,-157.50,522
-60.00,-158.71,522
-58.74,-160.00,522
-57.50,-162.20,522
-56.99,-165.00,522
-57.08,-167.50,522
-57.00,-170.00,522
-57.35,-172.50,522
-57.50,-174.32,522
-57.55,-175.00,522
-57.50,-175.78,522
-57.37,-177.50,522
-57.00,180.00,522
-56.10,177.50,522
-55.54,175.00,522
-55.17,172.50,522
-55.00,170.97,522
-54.91,170.00,522
-54.93,167.50,522
-54.82,165.00,522
-54.63,162.50,522
-54.34,160.00,522
-53.97,157.50,522
-53.62,155.00,522
-53.48,152.50,522
-53.51,150.00,522
-53.65,147.50,522
-53.76,145.00,522
-53.84,142.50,522
-53.86,140.00,522
-53.86,137.50,522
-53.72,135.00,522
-53.52,132.50,522
-53.40,130.00,522
-53.39,127.50,522
-53.54,125.00,522
-53.88,122.50,522
-54.37,120.00,522
-54.65,117.50,522
-54.50,115.00,522
-53.65,112.50,522
-52.50,110.54,522
-52.21,110.00,522
-50.80,107.50,522
-50.00,106.08,522
-49.26,105.00,522
-47.50,102.94,522
-47.23,102.50,522
-45.24,100.00,522
-43.17,97.50,522
-42.50,96.55,522
-41.73,95.00,522
-40.84,92.50,522
-40.17,90.00,522
-40.08,87.50,522
-40.45,85.00,522
-41.31,82.50,522
-42.33,80.00,522
-42.50,79.49,522
-43.24,77.50,522
-44.03,75.00,522
-44.84,72.50,522
-45.00,72.06,522
-45.86,70.00,522
-46.82,67.50,522
-47.50,65.81,522
-47.86,65.00,522
-48.93,62.50,522
-49.99,60.00,522
-50.97,57.50,522
-51.76,55.00,522
-52.37,52.50,522
-52.50,51.69,522
-52.77,50.00,522
-53.02,47.50,522
-53.16,45.00,522
-53.19,42.50,522
-53.07,40.00,522
-52.96,37.50,522
-52.79,35.00,522
-52.57,32.50,522
-52.50,31.59,522
-52.37,30.00,522
-52.10,27.50,522
-51.79,25.00,522
-51.43,22.50,522
-50.99,20.00,522
-50.47,17.50,522
-50.00,15.72,522
-49.78,15.00,522
-48.95,12.50,522
-47.86,10.00,522
-47.50,9.22,522
-46.38,7.50,522
-45.00,5.96,522
-44.10,5.00,522
-42.50,2.66,522
-43.99,0.00,522

-40.32,0.00,528
-41.88,-2.50,528
-42.39,-5.00,528
-42.22,-7.50,528
-42.17,-10.00,528
-42.50,-11.53,528
-42.71,-12.50,528
-43.83,-15.00,528
-45.00,-16.82,528
-45.33,-17.50,528
-47.08,-20.00,528
-47.50,-20.43,528
-50.00,-22.27,528
-50.83,-22.50,528
-52.50,-23.02,528
-55.00,-23.74,528
-57.50,-24.99,528
-59.75,-27.50,528
-60.00,-28.00,528
-61.05,-30.00,528
-62.06,-32.50,528
-62.50,-34.07,528
-62.91,-35.00,528
-63.82,-37.50,528
-64.51,-40.00,528
-65.00,-42.49,528
-65.51,-45.00,528
-65.25,-47.50,528
-65.00,-49.09,528
-64.95,-50.00,528
-64.87,-52.50,528
-64.77,-55.00,528
-64.50,-57.50,528
-63.89,-60.00,528
-62.86,-62.50,528
-62.50,-63.09,528
-61.55,-65.00,528
-60.00,-67.31,528
-58.45,-70.00,528
-57.50,-71.75,528
-57.12,-72.50,528
-55.88,-75.00,528
-55.00,-75.99,528
-54.11,-77.50,528
-52.50,-80.00,528
-51.02,-82.50,528
-50.00,-84.61,528
-49.75,-85.00,528
-48.41,-87.50,528
-47.50,-89.25,528
-47.02,-90.00,528
-45.63,-92.50,528
-45.00,-93.65,528
-44.16,-95.00,528
-43.07,-97.50,528
-42.85,-100.00,528
-42.75,-102.50,528
-44.88,-105.00,528
-47.50,-107.37,528
-49.79,-110.00,528
-51.34,-112.50,528
-52.50,-114.63,528
-53.83,-117.50,528
-54.84,-120.00,528
-55.75,-122.50,528
-56.65,-125.00,528
-57.50,-127.48,528
-58.25,-130.00,528
-59.00,-132.50,528
-59.70,-135.00,528
-60.00,-136.31,528
-60.27,-137.50,528
-60.87,-140.00,528
-61.39,-142.50,528
-61.57,-145.00,528
-61.43,-147.50,528
-61.01,-150.00,528
-60.27,-152.50,528
-60.00,-153.14,528
-58.85,-155.00,528
-57.50,-156.29,528
-55.00,-157.32,528
-53.48,-160.00,528
-53.27,-162.50,528
-53.45,-165.00,528
-54.14,-167.50,528
-54.34,-170.00,528
-54.60,-172.50,528
-54.71,-175.00,528
-54.70,-177.50,528
-54.71,180.00,528
-54.21,177.50,528
-53.82,175.00,528
-53.51,172.50,528
-53.25,170.00,528
-53.11,167.50,528
-53.02,165.00,528
-52.87,162.50,528
-52.56,160.00,528
-52.13,157.50,528
-51.56,155.00,528
-51.52,152.50,528
-51.78,150.00,528
-52.18,147.50,528
-52.43,145.00,528
-52.49,142.50,528
-52.42,140.00,528
-52.22,137.50,528
-51.91,135.00,528
-51.58,132.50,528
-51.26,130.00,528
-50.94,127.50,528
-50.32,125.00,528
-50.00,123.72,528
-49.59,125.00,528
-47.50,126.53,528
-45.91,127.50,528
-45.00,127.89,528
-42.50,127.83,528
-42.09,127.50,528
-42.07,125.00,528
-42.50,124.34,528
-43.92,122.50,528
-45.00,121.64,528
-47.50,120.92,528
-50.00,121.87,528
-50.99,120.00,528
-51.89,117.50,528
-51.88,115.00,528
-51.12,112.50,528
-50.00,110.29,528
-48.68,107.50,528
-47.50,105.85,528
-47.04,105.00,528
-45.44,102.50,528
-45.00,101.96,528
-43.76,100.00,528
-42.50,98.36,528
-42.04,97.50,528
-40.83,95.00,528
-40.00,92.91,528
-39.87,92.50,528
-39.40,90.00,528
-39.32,87.50,528
-39.55,85.00,528
-40.00,83.13,528
-40.22,82.50,528
-41.26,80.00,528
-42.13,77.50,528
-42.50,76.47,528
-43.03,75.00,528
-43.94,72.50,528
-44.88,70.00,528
-45.91,67.50,528
-46.90,65.00,528
-47.50,63.62,528
-47.99,62.50,528
-48.99,60.00,528
-49.98,57.50,528
-50.74,55.00,528
-51.31,52.50,528
-51.71,50.00,528
-51.97,47.50,528
-52.13,45.00,528
-52.17,42.50,528
-52.09,40.00,528
-51.96,37.50,528
-51.79,35.00,528
-51.56,32.50,528
-51.34,30.00,528
-51.06,27.50,528
-50.73,25.00,528
-50.32,22.50,528
-50.00,20.92,528
-49.77,20.00,528
-49.07,17.50,528
-48.25,15.00,528
-47.50,13.17,528
-47.17,12.50,528
-45.74,10.00,528
-45.00,9.07,528
-43.71,7.50,528
-42.50,6.24,528
-41.51,5.00,528
-40.24,2.50,528
-40.32,0.00,528

73.10,0.00,528
74.12,2.50,528
74.41,5.00,528
73.40,7.50,528
72.50,8.02,528
71.92,5.00,528
71.79,2.50,528
72.20,0.00,528

-37.89,0.00,534
-38.84,-2.50,534
-39.61,-5.00,534
-39.77,-7.50,534
-39.86,-10.00,534
-40.00,-11.27,534
-40.14,-12.50,534
-41.01,-15.00,534
-42.50,-17.39,534
-44.51,-20.00,534
-45.00,-20.50,534
-46.92,-22.50,534
-47.50,-23.03,534
-50.00,-24.78,534
-50.50,-25.00,534
-52.50,-26.10,534
-54.84,-27.50,534
-56.79,-30.00,534
-57.50,-31.44,534
-58.02,-32.50,534
-58.95,-35.00,534
-59.64,-37.50,534
-60.00,-38.87,534
-60.45,-40.00,534
-61.16,-42.50,534
-61.58,-45.00,534
-61.81,-47.50,534
-61.97,-50.00,534
-62.05,-52.50,534
-61.96,-55.00,534
-61.63,-57.50,534
-61.02,-60.00,534
-60.10,-62.50,534
-58.90,-65.00,534
-57.50,-67.39,534
-55.88,-70.00,534
-55.00,-71.52,534
-54.36,-72.50,534
-53.24,-75.00,534
-52.50,-76.63,534
-52.08,-77.50,534
-50.76,-80.00,534
-50.00,-81.66,534
-49.51,-82.50,534
-48.06,-85.00,534
-47.50,-86.14,534
-46.65,-87.50,534
-45.17,-90.00,534
-43.51,-92.50,534
-42.50,-94.06,534
-41.85,-95.00,534
-40.14,-97.50,534
-40.00,-97.92,534
-39.24,-100.00,534
-39.24,-102.50,534
-40.00,-104.53,534
-40.24,-105.00,534
-42.50,-107.32,534
-45.00,-109.18,534
-46.13,-110.00,534
-47.50,-111.14,534
-48.60,-112.50,534
-50.00,-114.34,534
-50.39,-115.00,534
-51.64,-117.50,534
-52.50,-119.47,534
-52.72,-120.00,534
-53.65,-122.50,534
-54.62,-125.00,534
-55.00,-126.03,534
-55.48,-127.50,534
-56.22,-130.00,534
-56.87,-132.50,534
-57.50,-134.76,534
-58.30,-137.50,534
-58.81,-140.00,534
-59.15,-142.50,534
-59.26,-145.00,534
-58.98,-147.50,534
-58.23,-150.00,534
-57.50,-151.63,534
-57.09,-152.50,534
-55.00,-154.85,534
-52.50,-156.78,534
-51.68,-157.50,534
-50.28,-160.00,534
-50.00,-161.40,534
-49.80,-162.50,534
-50.00,-163.26,534
-50.45,-165.00,534
-51.42,-167.50,534
-51.95,-170.00,534
-52.28,-172.50,534
-52.47,-175.00,534
-52.50,-175.55,534
-52.63,-177.50,534
-52.66,180.00,534
-52.50,177.82,534
-52.23,175.00,534
-51.97,172.50,534
-51.73,170.00,534
-51.57,167.50,534
-51.42,165.00,534
-51.17,162.50,534
-50.77,160.00,534
-50.20,157.50,534
-50.00,156.97,534
-49.36,155.00,534
-49.17,152.50,534
-49.37,150.00,534
-49.98,147.50,534
-50.42,145.00,534
-50.43,142.50,534
-50.20,140.00,534
-50.00,138.85,534
-49.56,137.50,534
-48.74,135.00,534
-47.50,132.73,534
-47.18,132.50,534
-45.00,131.64,534
-42.50,130.50,534
-41.91,130.00,534
-40.00,128.54,534
-39.62,127.50,534
-39.89,125.00,534
-41.71,122.50,534
-42.50,121.59,534
-44.44,120.00,534
-45.00,119.44,534
-47.50,117.78,534
-47.90,117.50,534
-49.01,115.00,534
-48.56,112.50,534
-47.68,110.00,534
-46.63,107.50,534
-45.39,105.00,534
-45.00,104.40,534
-43.96,102.50,534
-42.50,100.21,534
-41.08,97.50,534
-40.00,95.16,534
-39.13,92.50,534
-38.69,90.00,534
-38.59,87.50,534
-38.79,85.00,534
-39.36,82.50,534
-40.00,80.47,534
-40.20,80.00,534
-41.14,77.50,534
-42.06,75.00,534
-42.50,73.92,534
-43.05,72.50,534
-43.95,70.00,534
-45.00,67.52,534
-45.96,65.00,534
-46.99,62.50,534
-47.50,61.29,534
-48.00,60.00,534
-48.88,57.50,534
-49.67,55.00,534
-50.00,53.65,534
-50.25,52.50,534
-50.64,50.00,534
-50.89,47.50,534
-51.05,45.00,534
-51.10,42.50,534
-51.04,40.00,534
-50.93,37.50,534
-50.76,35.00,534
-50.55,32.50,534
-50.31,30.00,534
-50.02,27.50,534
-49.56,25.00,534
-49.01,22.50,534
-48.36,20.00,534
-47.61,17.50,534
-46.59,15.00,534
-45.37,12.50,534
-45.00,11.90,534
-43.71,10.00,534
-42.50,8.55,534
-41.73,7.50,534
-40.00,5.35,534
-39.75,5.00,534
-38.26,2.50,534
-37.89,0.00,534

68.65,0.00,534
68.70,-2.50,534
68.97,-5.00,534
69.49,-7.50,534
70.00,-9.36,534
70.49,-10.00,534
72.37,-12.50,534
75.00,-13.46,534
77.50,-12.68,534

77.50,23.94,534
76.40,22.50,534
75.00,20.61,534
73.79,17.50,534
72.50,15.52,534
71.49,12.50,534
70.64,10.00,534
70.00,8.14,534
69.23,5.00,534
68.84,2.50,534
68.65,0.00,534

-35.89,0.00,540
-36.19,-2.50,540
-36.87,-5.00,540
-37.23,-7.50,540
-37.48,-10.00,540
-37.95,-12.50,540
-38.55,-15.00,540
-39.52,-17.50,540
-40.00,-18.25,540
-41.45,-20.00,540
-42.50,-21.05,540
-43.92,-22.50,540
-45.00,-23.45,540
-46.69,-25.00,540
-47.50,-25.73,540
-50.00,-27.34,540
-52.50,-29.30,540
-53.25,-30.00,540
-55.00,-32.12,540
-56.49,-35.00,540
-57.50,-37.26,540
-58.38,-40.00,540
-58.97,-42.50,540
-59.42,-45.00,540
-59.73,-47.50,540
-59.87,-50.00,540
-59.80,-52.50,540
-59.49,-55.00,540
-58.95,-57.50,540
-58.26,-60.00,540
-57.50,-62.43,540
-56.19,-65.00,540
-55.00,-67.27,540
-53.11,-70.00,540
-52.50,-71.01,540
-51.23,-72.50,540
-50.00,-74.94,540
-48.70,-77.50,540
-48.07,-80.00,540
-47.50,-81.65,540
-47.17,-82.50,540
-45.76,-85.00,540
-45.00,-86.39,540
-44.30,-87.50,540
-42.75,-90.00,540
-42.50,-90.40,540
-41.06,-92.50,540
-40.00,-94.17,540
-39.51,-95.00,540
-37.64,-97.50,540
-36.74,-100.00,540
-36.73,-102.50,540
-37.46,-105.00,540
-39.40,-107.50,540
-40.00,-108.18,540
-42.06,-110.00,540
-42.50,-110.39,540
-45.00,-112.29,540
-47.50,-114.93,540
-49.15,-117.50,540
-50.00,-119.15,540
-50.34,-120.00,540
-51.21,-122.50,540
-52.25,-125.00,540
-52.50,-125.48,540
-53.23,-127.50,540
-54.10,-130.00,540
-54.93,-132.50,540
-55.69,-135.00,540
-56.35,-137.50,540
-56.81,-140.00,540
-57.00,-142.50,540
-56.88,-145.00,540
-56.35,-147.50,540
-55.37,-150.00,540
-55.00,-150.72,540
-54.02,-152.50,540
-52.50,-154.13,540
-51.70,-155.00,540
-50.00,-156.48,540
-48.95,-157.50,540
-47.50,-159.24,540
-46.96,-160.00,540
-46.99,-162.50,540
-47.50,-164.05,540
-47.87,-165.00,540
-48.82,-167.50,540
-49.63,-170.00,540
-50.00,-171.32,540
-50.28,-172.50,540
-50.65,-175.00,540
-50.87,-177.50,540
-50.97,180.00,540
-50.92,177.50,540
-50.77,175.00,540
-50.56,172.50,540
-50.35,170.00,540
-50.15,167.50,540
-50.00,165.86,540
-49.90,165.00,540
-49.48,162.50,540
-48.96,160.00,540
-48.36,157.50,540
-47.72,155.00,540
-47.50,153.84,540
-47.22,152.50,540
-47.04,150.00,540
-47.17,147.50,540
-47.50,145.69,540
-47.65,145.00,540
-47.51,142.50,540
-45.81,140.00,540
-45.00,139.01,540
-43.91,137.50,540
-42.63,135.00,540
-40.66,132.50,540
-40.00,131.94,540
-39.07,130.00,540
-38.43,127.50,540
-38.80,125.00,540
-40.00,122.56,540
-42.18,120.00,540
-42.50,119.55,540
-44.55,117.50,540
-45.00,116.58,540
-45.91,115.00,540
-45.92,112.50,540
-45.49,110.00,540
-45.00,108.35,540
-44.79,107.50,540
-43.79,105.00,540
-42.59,102.50,540
-41.26,100.00,540
-40.12,97.50,540
-39.07,95.00,540
-38.39,92.50,540
-37.98,90.00,540
-37.86,87.50,540
-38.04,85.00,540
-38.55,82.50,540
-39.29,80.00,540
-40.00,77.89,540
-40.15,77.50,540
-41.10,75.00,540
-42.08,72.50,540
-42.50,71.48,540
-43.02,70.00,540
-43.94,67.50,540
-45.00,65.04,540
-45.92,62.50,540
-46.91,60.00,540
-47.50,58.35,540
-47.78,57.50,540
-48.49,55.00,540
-49.07,52.50,540
-49.51,50.00,540
-49.78,47.50,540
-49.96,45.00,540
-50.00,43.84,540
-50.04,42.50,540
-50.00,40.01,540
-49.86,37.50,540
-49.67,35.00,540
-49.40,32.50,540
-49.06,30.00,540
-48.66,27.50,540
-48.17,25.00,540
-47.62,22.50,540
-46.86,20.00,540
-45.93,17.50,540
-45.00,15.41,540
-44.79,15.00,540
-43.36,12.50,540
-42.50,11.22,540
-41.69,10.00,540
-40.00,7.52,540
-38.19,5.00,540
-37.50,3.94,540
-36.56,2.50,540
-35.89,0.00,540

65.68,0.00,540
65.44,-2.50,540
65.39,-5.00,540
65.68,-7.50,540
66.25,-10.00,540
66.97,-12.50,540
67.50,-14.68,540
68.56,-17.50,540
69.43,-20.00,540
70.00,-21.84,540
70.40,-22.50,540
71.58,-25.00,540
72.50,-27.42,540
73.87,-30.00,540
75.00,-31.92,540
75.66,-32.50,540
77.50,-33.81,540

77.50,-144.70,540
76.68,-147.50,540
76.38,-150.00,540
76.45,-152.50,540
76.76,-155.00,540
77.21,-157.50,540
77.50,-158.80,540

77.50,29.98,540
75.19,27.50,540
74.00,25.00,540
72.96,22.50,540
72.50,21.50,540
71.94,20.00,540
71.06,17.50,540
70.17,15.00,540
69.24,12.50,540
68.42,10.00,540
67.75,7.50,540
67.50,6.46,540
66.78,5.00,540
66.08,2.50,540
65.68,0.00,540

-34.20,0.00,546
-34.10,-2.50,546
-34.37,-5.00,546
-34.65,-7.50,546
-34.87,-10.00,546
-35.00,-10.87,546
-35.33,-12.50,546
-36.08,-15.00,546
-37.07,-17.50,546
-37.50,-18.18,546
-38.57,-20.00,546
-40.00,-21.58,546
-40.92,-22.50,546
-42.50,-24.02,546
-43.62,-25.00,546
-45.00,-26.29,546
-46.38,-27.50,546
-47.50,-28.50,546
-49.70,-30.00,546
-50.00,-30.23,546
-52.31,-32.50,546
-54.09,-35.00,546
-55.00,-36.73,546
-55.34,-37.50,546
-56.32,-40.00,546
-56.99,-42.50,546
-57.36,-45.00,546
-57.49,-47.50,546
-57.44,-50.00,546
-57.16,-52.50,546
-56.62,-55.00,546
-55.82,-57.50,546
-55.00,-59.60,546
-53.82,-62.50,546
-52.50,-65.00,546
-50.25,-67.50,546
-48.00,-70.00,546
-47.50,-70.64,546
-46.12,-72.50,546
-45.00,-73.45,546
-43.00,-75.00,546
-42.50,-75.87,546
-41.77,-77.50,546
-42.50,-79.40,546
-42.81,-80.00,546
-42.98,-82.50,546
-42.50,-84.00,546
-42.19,-85.00,546
-41.02,-87.50,546
-40.00,-89.20,546
-39.52,-90.00,546
-38.09,-92.50,546
-37.50,-93.67,546
-36.94,-95.00,546
-35.74,-97.50,546
-35.00,-99.83,546
-34.89,-102.50,546
-35.00,-102.89,546
-35.72,-105.00,546
-37.03,-107.50,546
-37.50,-108.26,546
-39.05,-110.00,546
-40.00,-111.16,546
-41.50,-112.50,546
-42.50,-113.69,546
-43.72,-115.00,546
-45.00,-116.71,546
-45.60,-117.50,546
-46.93,-120.00,546
-47.50,-122.12,546
-48.17,-125.00,546
-49.47,-127.50,546
-50.00,-128.12,546
-51.05,-130.00,546
-52.50,-132.27,546
-53.42,-135.00,546
-54.19,-137.50,546
-54.62,-140.00,546
-54.63,-142.50,546
-54.27,-145.00,546
-53.65,-147.50,546
-52.70,-150.00,546
-51.04,-152.50,546
-50.00,-153.64,546
-48.76,-155.00,546
-47.50,-156.22,546
-46.41,-157.50,546
-45.00,-159.53,546
-44.72,-160.00,546
-44.82,-162.50,546
-45.00,-163.18,546
-45.49,-165.00,546
-46.32,-167.50,546
-47.31,-170.00,546
-47.50,-170.52,546
-48.15,-172.50,546
-48.70,-175.00,546
-49.05,-177.50,546
-49.24,180.00,546
-49.27,177.50,546
-49.20,175.00,546
-49.04,172.50,546
-48.80,170.00,546
-48.54,167.50,546
-48.25,165.00,546
-47.76,162.50,546
-47.50,161.41,546
-47.11,160.00,546
-46.49,157.50,546
-45.90,155.00,546
-45.41,152.50,546
-45.06,150.00,546
-44.53,147.50,546
-43.54,145.00,546
-42.50,143.63,546
-41.78,142.50,546
-40.00,140.12,546
-39.03,137.50,546
-38.40,135.00,546
-37.84,132.50,546
-37.50,130.99,546
-37.36,130.00,546
-37.21,127.50,546
-37.50,126.19,546
-37.71,125.00,546
-38.68,122.50,546
-40.00,120.36,546
-40.30,120.00,546
-41.95,117.50,546
-42.50,116.12,546
-43.01,115.00,546
-43.35,112.50,546
-43.31,110.00,546
-42.92,107.50,546
-42.50,106.14,546
-42.15,105.00,546
-41.12,102.50,546
-40.13,100.00,546
-39.03,97.50,546
-38.20,95.00,546
-37.65,92.50,546
-37.50,91.55,546
-37.19,90.00,546
-37.03,87.50,546
-37.22,85.00,546
-37.50,83.78,546
-37.75,82.50,546
-38.41,80.00,546
-39.15,77.50,546
-40.00,75.39,546
-40.15,75.00,546
-40.99,72.50,546
-41.94,70.00,546
-42.50,68.61,546
-42.87,67.50,546
-43.81,65.00,546
-44.81,62.50,546
-45.00,62.01,546
-45.70,60.00,546
-46.54,57.50,546
-47.29,55.00,546
-47.50,54.13,546
-47.86,52.50,546
-48.27,50.00,546
-48.54,47.50,546
-48.71,45.00,546
-48.77,42.50,546
-48.72,40.00,546
-48.57,37.50,546
-48.35,35.00,546
-48.07,32.50,546
-47.72,30.00,546
-47.50,28.71,546
-47.25,27.50,546
-46.64,25.00,546
-45.97,22.50,546
-45.18,20.00,546
-45.00,19.52,546
-44.07,17.50,546
-42.82,15.00,546
-42.50,14.45,546
-41.28,12.50,546
-40.00,10.57,546
-39.63,10.00,546
-37.96,7.50,546
-37.50,6.77,546
-36.54,5.00,546
-35.01,2.50,546
-34.20,0.00,546

55.55,0.00,546
55.94,-2.50,546
57.04,-5.00,546
57.50,-6.09,546
58.90,-7.50,546
60.00,-8.25,546
62.50,-9.58,546
63.21,-12.50,546
63.90,-15.00,546
64.85,-17.50,546
65.51,-20.00,546
65.99,-22.50,546
66.32,-25.00,546
66.66,-27.50,546
66.80,-30.00,546
67.11,-32.50,546
67.07,-35.00,546
67.50,-37.37,546
67.50,-39.61,546
67.75,-42.50,546
67.99,-45.00,546
68.33,-47.50,546
69.14,-50.00,546
70.00,-52.21,546
71.45,-55.00,546
72.50,-56.56,546
73.70,-57.50,546
75.00,-58.56,546
77.50,-59.00,546

77.50,-130.12,546
76.65,-132.50,546
75.70,-135.00,546
75.00,-136.52,546
74.62,-137.50,546
73.77,-140.00,546
73.08,-142.50,546
72.60,-145.00,546
72.50,-146.44,546
72.37,-147.50,546
72.48,-150.00,546
72.61,-152.50,546
72.79,-155.00,546
73.04,-157.50,546
73.41,-160.00,546
73.90,-162.50,546
74.41,-165.00,546
74.92,-167.50,546
75.56,-170.00,546
76.29,-172.50,546
77.22,-175.00,546
77.50,-175.58,546

77.50,36.08,546
76.87,35.00,546
75.12,32.50,546
73.73,30.00,546
72.60,27.50,546
71.48,25.00,546
70.58,22.50,546
70.00,20.78,546
69.62,20.00,546
68.60,17.50,546
67.67,15.00,546
66.18,12.50,546
65.00,10.93,546
62.92,10.00,546
62.50,9.87,546
60.00,9.86,546
57.50,8.21,546
57.09,7.50,546
56.33,5.00,546
55.74,2.50,546
55.55,0.00,546

57.55,-62.50,546
57.55,-62.50,546

57.75,-30.00,546
58.25,-27.50,546
58.40,-25.00,546
58.49,-22.50,546
58.19,-20.00,546
57.50,-18.00,546
55.00,-18.01,546
54.66,-20.00,546
54.58,-22.50,546
54.78,-25.00,546
55.00,-26.24,546
56.40,-27.50,546
57.34,-30.00,546
57.50,-30.90,546
57.75,-30.00,546

-32.71,0.00,552
-32.50,-1.63,552
-32.38,-2.50,552
-32.35,-5.00,552
-32.50,-7.18,552
-32.80,-10.00,552
-33.12,-12.50,552
-33.56,-15.00,552
-34.19,-17.50,552
-35.00,-19.45,552
-35.31,-20.00,552
-37.50,-22.23,552
-40.00,-24.70,552
-40.31,-25.00,552
-42.50,-27.30,552
-45.00,-29.76,552
-47.50,-31.87,552
-48.32,-32.50,552
-50.00,-33.87,552
-51.04,-35.00,552
-52.50,-36.94,552
-52.80,-37.50,552
-53.98,-40.00,552
-54.74,-42.50,552
-55.00,-44.08,552
-55.13,-45.00,552
-55.25,-47.50,552
-55.11,-50.00,552
-55.00,-50.66,552
-54.63,-52.50,552
-53.84,-55.00,552
-52.74,-57.50,552
-52.50,-58.02,552
-51.57,-60.00,552
-50.27,-62.50,552
-50.00,-62.87,552
-48.32,-65.00,552
-47.50,-65.97,552
-46.23,-67.50,552
-45.00,-68.85,552
-44.03,-70.00,552
-42.50,-71.66,552
-41.71,-72.50,552
-40.00,-74.34,552
-39.56,-75.00,552
-37.77,-77.50,552
-37.50,-78.21,552
-36.79,-80.00,552
-36.43,-82.50,552
-36.41,-85.00,552
-36.20,-87.50,552
-35.53,-90.00,552
-35.00,-91.48,552
-34.68,-92.50,552
-34.16,-95.00,552
-33.72,-97.50,552
-33.39,-100.00,552
-33.48,-102.50,552
-34.13,-105.00,552
-35.00,-107.06,552
-35.23,-107.50,552
-36.71,-110.00,552
-37.50,-111.36,552
-38.42,-112.50,552
-40.00,-114.87,552
-41.79,-117.50,552
-42.50,-119.02,552
-43.02,-120.00,552
-43.85,-122.50,552
-44.29,-125.00,552
-44.79,-127.50,552
-45.00,-128.48,552
-45.52,-130.00,552
-46.53,-132.50,552
-47.50,-133.96,552
-49.43,-135.00,552
-50.00,-135.47,552
-50.91,-137.50,552
-51.48,-140.00,552
-51.42,-142.50,552
-50.91,-145.00,552
-50.32,-147.50,552
-50.00,-148.42,552
-49.27,-150.00,552
-47.75,-152.50,552
-45.65,-155.00,552
-45.00,-155.82,552
-43.74,-157.50,552
-42.66,-160.00,552
-42.60,-162.50,552
-43.03,-165.00,552
-43.84,-167.50,552
-44.79,-170.00,552
-45.00,-170.53,552
-45.72,-172.50,552
-46.41,-175.00,552
-46.97,-177.50,552
-47.35,180.00,552
-47.49,177.50,552
-47.50,176.46,552
-47.51,175.00,552
-47.38,172.50,552
-46.95,170.00,552
-46.51,167.50,552
-46.09,165.00,552
-45.52,162.50,552
-45.08,160.00,552
-44.32,157.50,552
-43.68,155.00,552
-43.16,152.50,552
-42.51,150.00,552
-41.47,147.50,552
-40.34,145.00,552
-40.00,144.52,552
-38.67,142.50,552
-37.50,140.75,552
-37.14,140.00,552
-36.23,137.50,552
-35.81,135.00,552
-35.75,132.50,552
-35.71,130.00,552
-35.83,127.50,552
-36.29,125.00,552
-37.26,122.50,552
-37.50,121.94,552
-38.35,120.00,552
-39.49,117.50,552
-40.00,116.09,552
-40.42,115.00,552
-40.88,112.50,552
-40.91,110.00,552
-40.76,107.50,552
-40.28,105.00,552
-40.00,104.02,552
-39.55,102.50,552
-38.68,100.00,552
-37.91,97.50,552
-37.50,95.87,552
-37.23,95.00,552
-36.59,92.50,552
-36.20,90.00,552
-36.11,87.50,552
-36.26,85.00,552
-36.73,82.50,552
-37.50,80.12,552
-38.16,77.50,552
-38.92,75.00,552
-39.86,72.50,552
-40.66,70.00,552
-41.59,67.50,552
-42.50,65.26,552
-43.50,62.50,552
-44.41,60.00,552
-45.00,58.27,552
-45.24,57.50,552
-45.94,55.00,552
-46.53,52.50,552
-46.97,50.00,552
-47.27,47.50,552
-47.45,45.00,552
-47.49,42.50,552
-47.42,40.00,552
-47.22,37.50,552
-46.93,35.00,552
-46.56,32.50,552
-46.11,30.00,552
-45.57,27.50,552
-45.00,25.18,552
-44.11,22.50,552
-43.12,20.00,552
-42.50,18.58,552
-41.95,17.50,552
-40.56,15.00,552
-40.00,14.03,552
-39.09,12.50,552
-37.57,10.00,552
-36.00,7.50,552
-35.00,5.42,552
-34.79,5.00,552
-33.45,2.50,552
-32.71,0.00,552

52.60,0.00,552
52.50,-0.84,552
52.40,-2.50,552
52.50,-4.25,552
52.59,-5.00,552
53.21,-7.50,552
53.50,-10.00,552
53.62,-12.50,552
53.42,-15.00,552
53.01,-17.50,552
52.84,-20.00,552
52.94,-22.50,552
53.27,-25.00,552
53.76,-27.50,552
54.38,-30.00,552
55.00,-31.82,552
55.36,-32.50,552
56.40,-35.00,552
57.48,-37.50,552
58.95,-40.00,552
59.36,-42.50,552
59.42,-45.00,552
59.15,-47.50,552
58.67,-50.00,552
57.83,-52.50,552
57.50,-53.12,552
57.02,-55.00,552
56.52,-57.50,552
56.19,-60.00,552
56.12,-62.50,552
56.20,-65.00,552
56.44,-67.50,552
56.87,-70.00,552
57.50,-72.49,552
59.53,-75.00,552
60.00,-75.87,552
61.77,-75.00,552
62.50,-74.46,552
63.45,-72.50,552
64.36,-70.00,552
65.00,-68.20,552
65.37,-67.50,552
67.02,-65.00,552
67.50,-64.56,552
68.04,-65.00,552
70.00,-66.30,552
71.74,-67.50,552
72.50,-67.91,552
75.00,-69.85,552
77.19,-72.50,552
77.50,-73.03,552

77.50,-117.08,552
75.00,-119.62,552
73.80,-122.50,552
73.18,-125.00,552
72.80,-127.50,552
72.50,-129.53,552
71.74,-132.50,552
70.88,-135.00,552
70.00,-137.01,552
69.12,-137.50,552
67.50,-138.11,552
65.38,-140.00,552
65.42,-142.50,552
65.83,-145.00,552
66.33,-147.50,552
66.86,-150.00,552
67.23,-152.50,552
67.50,-154.74,552
67.86,-157.50,552
68.29,-160.00,552
68.63,-162.50,552
68.75,-165.00,552
68.80,-167.50,552
68.91,-170.00,552
69.08,-172.50,552
69.30,-175.00,552
69.52,-177.50,552
69.77,180.00,552
69.96,177.50,552
70.00,176.40,552
70.06,175.00,552
70.08,172.50,552
70.03,170.00,552
70.00,168.06,552
69.84,165.00,552
69.77,162.50,552
69.78,160.00,552
69.93,157.50,552
70.16,155.00,552
70.20,152.50,552
70.15,150.00,552
70.00,148.64,552
69.31,147.50,552
67.50,146.17,552
66.61,147.50,552
65.00,147.99,552
64.73,147.50,552
63.58,145.00,552
62.85,142.50,552
62.66,140.00,552
63.05,137.50,552
65.00,135.14,552
67.13,137.50,552
67.50,139.28,552
68.44,137.50,552
68.96,135.00,552
69.33,132.50,552
69.64,130.00,552
69.71,127.50,552
69.62,125.00,552
69.70,122.50,552
70.00,120.56,552
70.50,117.50,552
70.72,115.00,552
71.06,112.50,552
71.80,110.00,552
72.50,108.96,552
75.00,109.83,552
76.47,112.50,552
77.33,115.00,552
77.50,115.65,552

77.50,44.23,552
76.71,42.50,552
75.53,40.00,552
75.00,38.97,552
74.20,37.50,552
72.97,35.00,552
72.50,34.01,552
71.54,32.50,552
70.35,30.00,552
70.00,29.08,552
69.12,27.50,552
67.84,25.00,552
67.50,24.20,552
66.75,22.50,552
65.74,20.00,552
65.00,18.42,552
64.59,17.50,552
62.84,15.00,552
62.50,14.66,552
60.00,13.06,552
59.09,12.50,552
57.50,11.71,552
55.49,10.00,552
55.00,8.97,552
54.57,7.50,552
53.93,5.00,552
53.19,2.50,552
52.60,0.00,552

60.82,35.00,552
60.00,36.85,552
59.65,35.00,552
60.00,34.13,552
60.82,35.00,552

60.44,72.50,552
60.22,75.00,552
60.00,75.55,552
57.56,75.00,552
56.86,72.50,552
57.50,70.90,552
60.00,71.00,552
60.44,72.50,552

-32.34,-147.50,552
-31.96,-145.00,552
-32.12,-142.50,552
-32.50,-141.94,552
-35.00,-140.89,552
-37.06,-142.50,552
-37.50,-144.05,552
-37.94,-145.00,552
-37.80,-147.50,552
-37.50,-148.38,552
-35.95,-150.00,552
-35.00,-150.49,552
-33.44,-150.00,552
-32.50,-148.98,552
-32.34,-147.50,552

-31.18,0.00,558
-30.80,-2.50,558
-30.68,-5.00,558
-30.74,-7.50,558
-30.87,-10.00,558
-31.09,-12.50,558
-31.39,-15.00,558
-31.75,-17.50,558
-32.22,-20.00,558
-32.50,-21.00,558
-33.37,-22.50,558
-35.00,-24.09,558
-36.25,-25.00,558
-37.50,-25.90,558
-39.10,-27.50,558
-40.00,-28.42,558
-41.47,-30.00,558
-42.50,-31.08,558
-44.03,-32.50,558
-45.00,-33.36,558
-46.97,-35.00,558
-47.50,-35.48,558
-49.59,-37.50,558
-50.00,-38.04,558
-51.16,-40.00,558
-52.15,-42.50,558
-52.50,-44.14,558
-52.64,-45.00,558
-52.68,-47.50,558
-52.50,-49.15,558
-52.38,-50.00,558
-51.72,-52.50,558
-50.75,-55.00,558
-50.00,-56.58,558
-49.50,-57.50,558
-48.16,-60.00,558
-47.50,-60.96,558
-46.47,-62.50,558
-45.00,-64.65,558
-43.05,-67.50,558
-42.50,-68.14,558
-40.94,-70.00,558
-40.00,-70.99,558
-38.78,-72.50,558
-37.50,-74.42,558
-37.14,-75.00,558
-35.14,-77.50,558
-33.71,-80.00,558
-32.85,-82.50,558
-32.50,-83.55,558
-32.04,-85.00,558
-31.76,-87.50,558
-31.49,-90.00,558
-31.07,-92.50,558
-31.13,-95.00,558
-31.39,-97.50,558
-31.63,-100.00,558
-31.99,-102.50,558
-32.50,-104.45,558
-32.63,-105.00,558
-33.62,-107.50,558
-34.77,-110.00,558
-35.00,-110.45,558
-36.18,-112.50,558
-37.50,-114.89,558
-38.95,-117.50,558
-40.00,-119.64,558
-40.19,-120.00,558
-41.09,-122.50,558
-41.77,-125.00,558
-42.26,-127.50,558
-42.50,-129.45,558
-42.56,-130.00,558
-42.73,-132.50,558
-42.77,-135.00,558
-42.50,-136.93,558
-42.16,-137.50,558
-40.00,-138.50,558
-37.50,-138.93,558
-35.00,-138.56,558
-32.50,-139.58,558
-32.10,-140.00,558
-30.42,-142.50,558
-30.00,-143.94,558
-29.72,-145.00,558
-29.57,-147.50,558
-29.75,-150.00,558
-30.00,-150.88,558
-30.83,-152.50,558
-32.50,-154.49,558
-33.91,-155.00,558
-35.00,-155.65,558
-37.50,-156.45,558
-38.80,-157.50,558
-38.43,-160.00,558
-38.79,-162.50,558
-39.61,-165.00,558
-40.00,-165.77,558
-40.64,-167.50,558
-41.68,-170.00,558
-42.48,-172.50,558
-43.02,-175.00,558
-43.62,-177.50,558
-43.98,180.00,558
-44.10,177.50,558
-44.12,175.00,558
-43.84,172.50,558
-43.74,170.00,558
-43.24,167.50,558
-42.81,165.00,558
-42.50,164.06,558
-42.01,162.50,558
-41.18,160.00,558
-40.52,157.50,558
-40.23,155.00,558
-40.16,152.50,558
-40.00,151.75,558
-39.53,150.00,558
-38.45,147.50,558
-37.56,145.00,558
-36.30,142.50,558
-35.30,140.00,558
-35.00,139.28,558
-34.27,137.50,558
-33.81,135.00,558
-33.70,132.50,558
-33.84,130.00,558
-34.17,127.50,558
-34.68,125.00,558
-35.00,123.98,558
-35.38,122.50,558
-36.21,120.00,558
-37.05,117.50,558
-37.50,116.02,558
-37.81,115.00,558
-38.31,112.50,558
-38.44,110.00,558
-38.38,107.50,558
-38.09,105.00,558
-37.63,102.50,558
-37.50,101.89,558
-37.05,100.00,558
-36.40,97.50,558
-35.84,95.00,558
-35.45,92.50,558
-35.22,90.00,558
-35.19,87.50,558
-35.31,85.00,558
-35.61,82.50,558
-36.15,80.00,558
-36.91,77.50,558
-37.50,75.61,558
-37.64,75.00,558
-38.33,72.50,558
-39.20,70.00,558
-40.00,68.06,558
-40.20,67.50,558
-41.13,65.00,558
-42.11,62.50,558
-42.50,61.50,558
-43.01,60.00,558
-43.80,57.50,558
-44.53,55.00,558
-45.00,53.18,558
-45.16,52.50,558
-45.56,50.00,558
-45.82,47.50,558
-45.95,45.00,558
-45.96,42.50,558
-45.84,40.00,558
-45.61,37.50,558
-45.31,35.00,558
-45.00,32.95,558
-44.32,30.00,558
-43.64,27.50,558
-42.87,25.00,558
-42.50,23.94,558
-41.92,22.50,558
-40.80,20.00,558
-40.00,18.41,558
-39.52,17.50,558
-38.11,15.00,558
-37.50,13.94,558
-36.73,12.50,558
-35.38,10.00,558
-35.00,9.35,558
-34.04,7.50,558
-32.81,5.00,558
-32.50,4.30,558
-31.85,2.50,558
-31.18,0.00,558

51.03,0.00,558
50.94,-2.50,558
51.05,-5.00,558
51.26,-7.50,558
51.36,-10.00,558
51.42,-12.50,558
51.34,-15.00,558
51.18,-17.50,558
51.19,-20.00,558
51.34,-22.50,558
51.70,-25.00,558
52.27,-27.50,558
52.50,-28.30,558
52.91,-30.00,558
53.61,-32.50,558
54.53,-35.00,558
55.00,-36.35,558
55.40,-37.50,558
56.04,-40.00,558
56.26,-42.50,558
55.91,-45.00,558
55.35,-47.50,558
55.26,-50.00,558
55.25,-52.50,558
55.09,-55.00,558
55.00,-56.20,558
54.90,-57.50,558
54.69,-60.00,558
54.66,-62.50,558
54.78,-65.00,558
55.00,-67.07,558
55.31,-70.00,558
55.70,-72.50,558
56.19,-75.00,558
56.74,-77.50,558
57.32,-80.00,558
57.50,-80.72,558
58.05,-82.50,558
58.79,-85.00,558
60.00,-87.35,558
62.50,-88.64,558
63.36,-87.50,558
64.75,-85.00,558
65.00,-84.47,558
65.88,-82.50,558
66.95,-80.00,558
67.50,-78.78,558
68.34,-77.50,558
70.00,-75.94,558
72.50,-75.99,558
73.63,-77.50,558
74.91,-80.00,558
75.77,-82.50,558
76.32,-85.00,558
76.69,-87.50,558
76.94,-90.00,558
77.05,-92.50,558
77.00,-95.00,558
76.81,-97.50,558
76.55,-100.00,558
76.26,-102.50,558
75.92,-105.00,558
75.53,-107.50,558
75.01,-110.00,558
74.11,-112.50,558
72.96,-115.00,558
72.50,-116.01,558
71.73,-117.50,558
70.42,-120.00,558
70.00,-121.04,558
68.38,-122.50,558
67.50,-123.58,558
65.00,-124.49,558
62.50,-122.81,558
60.00,-123.45,558
58.41,-125.00,558
57.50,-125.62,558
55.73,-127.50,558
55.00,-128.07,558
54.45,-130.00,558
54.05,-132.50,558
54.33,-135.00,558
55.00,-137.01,558
55.51,-137.50,558
57.50,-139.63,558
58.25,-140.00,558
60.00,-140.74,558
61.38,-142.50,558
62.50,-144.58,558
62.98,-147.50,558
63.46,-150.00,558
63.87,-152.50,558
64.05,-155.00,558
64.32,-157.50,558
64.62,-160.00,558
64.91,-162.50,558
65.00,-163.43,558
65.25,-165.00,558
65.54,-167.50,558
65.75,-170.00,558
65.95,-172.50,558
66.12,-175.00,558
66.26,-177.50,558
66.36,180.00,558
66.45,177.50,558
66.52,175.00,558
66.56,172.50,558
66.54,170.00,558
66.51,167.50,558
66.39,165.00,558
66.22,162.50,558
65.94,160.00,558
65.57,157.50,558
65.00,155.24,558
64.33,152.50,558
63.17,150.00,558
62.50,148.72,558
62.17,147.50,558
61.62,145.00,558
61.16,142.50,558
60.82,140.00,558
60.55,137.50,558
60.32,135.00,558
60.00,132.54,558
60.37,130.00,558
62.41,127.50,558
64.16,125.00,558
65.00,122.91,558
65.42,120.00,558
65.75,117.50,558
65.97,115.00,558
66.23,112.50,558
66.55,110.00,558
67.07,107.50,558
67.50,106.30,558
68.19,105.00,558
70.00,103.22,558
71.43,102.50,558
72.50,101.92,558
75.00,100.45,558
75.81,97.50,558
75.99,95.00,558
76.03,92.50,558
76.03,90.00,558
76.07,87.50,558
76.21,85.00,558
76.54,82.50,558
77.16,80.00,558
77.50,78.97,558

77.50,56.45,558
77.14,55.00,558
76.46,52.50,558
75.61,50.00,558
75.00,48.48,558
74.56,47.50,558
73.31,45.00,558
72.50,43.62,558
71.67,42.50,558
70.00,40.20,558
69.60,40.00,558
67.50,38.87,558
65.46,40.00,558
65.00,40.23,558
62.50,41.55,558
60.00,41.33,558
58.44,40.00,558
57.50,38.50,558
57.20,37.50,558
57.44,35.00,558
58.42,32.50,558
59.86,30.00,558
61.98,27.50,558
62.50,25.10,558
62.36,22.50,558
61.59,20.00,558
60.40,17.50,558
60.00,17.04,558
58.08,15.00,558
57.50,14.61,558
55.48,12.50,558
55.00,12.08,558
53.50,10.00,558
52.50,7.52,558
51.87,5.00,558
51.35,2.50,558
51.03,0.00,558

62.92,65.00,558
63.75,67.50,558
64.24,70.00,558
64.45,72.50,558
64.42,75.00,558
64.30,77.50,558
64.26,80.00,558
64.26,82.50,558
64.10,85.00,558
63.42,87.50,558
62.50,88.83,558
61.10,87.50,558
60.00,86.45,558
57.50,85.57,558
55.00,85.07,558
54.32,82.50,558
53.66,80.00,558
52.77,77.50,558
52.50,76.72,558
51.96,75.00,558
50.98,72.50,558
50.00,71.70,558
48.99,70.00,558
47.96,67.50,558
47.86,65.00,558
49.48,62.50,558
50.00,62.02,558
52.50,62.35,558
55.00,61.93,558
57.50,61.38,558
60.00,61.63,558
60.95,62.50,558
62.50,64.16,558
62.92,65.00,558

53.21,-92.50,558
54.36,-90.00,558
53.36,-87.50,558
52.50,-87.05,558
52.31,-87.50,558
52.10,-90.00,558
52.22,-92.50,558
52.50,-93.97,558
53.21,-92.50,558

48.29,167.50,558
47.50,168.45,558
46.71,167.50,558
47.50,165.30,558
48.29,167.50,558

43.41,122.50,558
43.68,125.00,558
42.50,126.37,558
40.00,125.17,558
39.68,122.50,558
40.00,122.11,558
42.50,121.37,558
43.41,122.50,558

-29.60,0.00,564
-29.20,-2.50,564
-28.99,-5.00,564
-28.94,-7.50,564
-28.99,-10.00,564
-29.14,-12.50,564
-29.42,-15.00,564
-29.75,-17.50,564
-30.00,-18.69,564
-30.28,-20.00,564
-30.96,-22.50,564
-32.00,-25.00,564
-32.50,-25.85,564
-34.52,-27.50,564
-35.00,-27.95,564
-37.46,-30.00,564
-40.00,-32.46,564
-42.50,-34.99,564
-45.00,-37.39,564
-47.25,-40.00,564
-47.50,-40.46,564
-48.47,-42.50,564
-48.96,-45.00,564
-48.88,-47.50,564
-48.41,-50.00,564
-47.83,-52.50,564
-47.50,-53.39,564
-46.30,-55.00,564
-45.00,-57.34,564
-43.77,-60.00,564
-42.84,-62.50,564
-42.50,-63.06,564
-41.55,-65.00,564
-40.01,-67.50,564
-38.01,-70.00,564
-37.50,-70.66,564
-36.41,-72.50,564
-35.00,-74.74,564
-32.99,-77.50,564
-32.50,-78.29,564
-31.54,-80.00,564
-30.26,-82.50,564
-30.00,-83.27,564
-29.60,-85.00,564
-29.15,-87.50,564
-28.86,-90.00,564
-28.75,-92.50,564
-28.91,-95.00,564
-29.19,-97.50,564
-29.67,-100.00,564
-30.00,-101.20,564
-30.33,-102.50,564
-31.03,-105.00,564
-31.96,-107.50,564
-32.50,-108.71,564
-33.04,-110.00,564
-34.16,-112.50,564
-35.00,-114.34,564
-35.33,-115.00,564
-36.49,-117.50,564
-37.50,-119.99,564
-38.32,-122.50,564
-38.81,-125.00,564
-38.99,-127.50,564
-38.74,-130.00,564
-37.84,-132.50,564
-37.50,-133.01,564
-35.66,-135.00,564
-35.00,-135.40,564
-32.78,-137.50,564
-30.27,-140.00,564
-30.00,-140.41,564
-28.84,-142.50,564
-28.19,-145.00,564
-27.90,-147.50,564
-27.93,-150.00,564
-28.31,-152.50,564
-29.12,-155.00,564
-30.00,-157.46,564
-31.03,-160.00,564
-32.03,-162.50,564
-32.50,-163.74,564
-33.50,-165.00,564
-35.00,-167.03,564
-35.18,-167.50,564
-36.02,-170.00,564
-36.84,-172.50,564
-37.50,-174.01,564
-37.90,-175.00,564
-38.68,-177.50,564
-39.17,180.00,564
-39.56,177.50,564
-39.91,175.00,564
-40.00,174.20,564
-40.15,172.50,564
-40.00,170.01,564
-39.76,167.50,564
-39.15,165.00,564
-38.42,162.50,564
-37.50,160.00,564
-36.31,157.50,564
-35.36,155.00,564
-35.00,152.96,564
-34.94,152.50,564
-34.80,150.00,564
-34.71,147.50,564
-34.43,145.00,564
-33.90,142.50,564
-33.24,140.00,564
-32.50,137.61,564
-31.96,135.00,564
-31.70,132.50,564
-31.75,130.00,564
-31.99,127.50,564
-32.36,125.00,564
-32.50,124.44,564
-32.91,122.50,564
-33.58,120.00,564
-34.28,117.50,564
-34.87,115.00,564
-35.00,114.33,564
-35.32,112.50,564
-35.66,110.00,564
-35.70,107.50,564
-35.49,105.00,564
-35.14,102.50,564
-35.00,101.10,564
-34.88,100.00,564
-34.52,97.50,564
-34.14,95.00,564
-33.84,92.50,564
-33.66,90.00,564
-33.64,87.50,564
-33.79,85.00,564
-34.13,82.50,564
-34.62,80.00,564
-35.00,78.41,564
-35.17,77.50,564
-35.78,75.00,564
-36.57,72.50,564
-37.50,70.24,564
-38.51,67.50,564
-39.54,65.00,564
-40.00,63.93,564
-40.51,62.50,564
-41.41,60.00,564
-42.28,57.50,564
-42.50,56.80,564
-42.98,55.00,564
-43.53,52.50,564
-43.95,50.00,564
-44.20,47.50,564
-44.30,45.00,564
-44.23,42.50,564
-44.02,40.00,564
-43.67,37.50,564
-43.25,35.00,564
-42.78,32.50,564
-42.50,31.21,564
-42.21,30.00,564
-41.47,27.50,564
-40.60,25.00,564
-40.00,23.53,564
-39.57,22.50,564
-38.38,20.00,564
-37.50,18.41,564
-37.01,17.50,564
-35.68,15.00,564
-35.00,13.68,564
-34.45,12.50,564
-33.30,10.00,564
-32.50,8.40,564
-32.09,7.50,564
-31.04,5.00,564
-30.20,2.50,564
-30.00,1.64,564
-29.60,0.00,564

49.56,0.00,564
49.49,-2.50,564
49.53,-5.00,564
49.55,-7.50,564
49.52,-10.00,564
49.44,-12.50,564
49.33,-15.00,564
49.31,-17.50,564
49.45,-20.00,564
49.68,-22.50,564
50.00,-24.63,564
50.54,-27.50,564
51.17,-30.00,564
51.84,-32.50,564
52.42,-35.00,564
53.01,-37.50,564
53.55,-40.00,564
53.64,-42.50,564
53.39,-45.00,564
53.12,-47.50,564
53.02,-50.00,564
53.01,-52.50,564
52.99,-55.00,564
52.93,-57.50,564
52.86,-60.00,564
52.88,-62.50,564
52.97,-65.00,564
53.18,-67.50,564
53.38,-70.00,564
53.64,-72.50,564
53.87,-75.00,564
53.99,-77.50,564
53.65,-80.00,564
52.50,-82.13,564
50.91,-85.00,564
50.00,-86.96,564
49.85,-87.50,564
49.44,-90.00,564
49.10,-92.50,564
48.81,-95.00,564
49.00,-97.50,564
49.79,-100.00,564
52.50,-101.74,564
55.00,-101.62,564
57.50,-101.93,564
60.00,-102.50,564
62.50,-102.48,564
65.00,-101.47,564
65.84,-100.00,564
67.19,-97.50,564
67.50,-96.83,564
68.19,-95.00,564
68.88,-92.50,564
69.51,-90.00,564
70.00,-88.34,564
71.78,-90.00,564
72.50,-91.43,564
72.64,-92.50,564
72.71,-95.00,564
72.54,-97.50,564
71.96,-100.00,564
71.28,-102.50,564
70.56,-105.00,564
70.00,-106.76,564
69.29,-107.50,564
67.50,-109.43,564
65.00,-107.97,564
62.50,-107.64,564
60.16,-110.00,564
57.50,-110.65,564
55.65,-112.50,564
55.46,-115.00,564
55.12,-117.50,564
54.66,-120.00,564
54.18,-122.50,564
53.50,-125.00,564
52.77,-127.50,564
52.50,-128.41,564
52.18,-130.00,564
51.86,-132.50,564
51.91,-135.00,564
52.42,-137.50,564
53.66,-140.00,564
55.00,-142.22,564
55.32,-142.50,564
57.50,-144.31,564
58.32,-145.00,564
59.81,-147.50,564
60.63,-150.00,564
61.32,-152.50,564
61.78,-155.00,564
62.22,-157.50,564
62.50,-159.35,564
63.01,-162.50,564
63.35,-165.00,564
63.57,-167.50,564
63.73,-170.00,564
63.84,-172.50,564
63.91,-175.00,564
63.97,-177.50,564
64.01,180.00,564
64.04,177.50,564
64.06,175.00,564
64.06,172.50,564
64.02,170.00,564
63.96,167.50,564
63.83,165.00,564
63.65,162.50,564
63.33,160.00,564
62.93,157.50,564
62.50,155.66,564
62.36,155.00,564
61.75,152.50,564
61.12,150.00,564
60.60,147.50,564
60.12,145.00,564
60.00,144.37,564
59.54,142.50,564
59.04,140.00,564
58.65,137.50,564
58.35,135.00,564
58.12,132.50,564
57.93,130.00,564
57.91,127.50,564
58.21,125.00,564
59.10,122.50,564
60.00,120.32,564
60.88,117.50,564
61.40,115.00,564
61.84,112.50,564
62.17,110.00,564
62.38,107.50,564
62.50,106.20,564
62.64,105.00,564
62.76,102.50,564
62.50,100.20,564
60.52,97.50,564
60.00,97.06,564
57.50,95.00,564
55.00,93.57,564
54.02,92.50,564
52.50,90.79,564
52.28,90.00,564
51.85,87.50,564
51.44,85.00,564
50.52,82.50,564
50.00,81.48,564
49.51,80.00,564
49.06,77.50,564
48.30,75.00,564
47.50,72.86,564
46.74,70.00,564
46.38,67.50,564
46.41,65.00,564
47.07,62.50,564
47.50,61.67,564
49.30,60.00,564
50.00,59.26,564
52.50,57.98,564
53.51,57.50,564
55.00,56.79,564
57.50,55.35,564
57.93,55.00,564
60.00,52.58,564
60.97,50.00,564
60.72,47.50,564
60.00,46.44,564
59.37,45.00,564
57.50,43.40,564
56.86,42.50,564
55.47,40.00,564
55.02,37.50,564
55.37,35.00,564
56.25,32.50,564
57.29,30.00,564
57.50,29.44,564
58.39,27.50,564
58.96,25.00,564
58.87,22.50,564
58.37,20.00,564
57.50,18.28,564
57.10,17.50,564
55.26,15.00,564
53.34,12.50,564
52.50,11.26,564
51.84,10.00,564
50.91,7.50,564
50.20,5.00,564
50.00,3.89,564
49.80,2.50,564
49.56,0.00,564

49.64,165.00,564
49.92,167.50,564
48.24,170.00,564
47.50,170.52,564
46.67,170.00,564
45.07,167.50,564
45.36,165.00,564
47.50,162.90,564
49.64,165.00,564

45.18,122.50,564
45.00,123.73,564
44.92,125.00,564
43.04,127.50,564
42.50,127.88,564
40.94,127.50,564
40.00,127.24,564
37.76,125.00,564
37.50,123.56,564
37.28,122.50,564
37.50,121.94,564
38.85,120.00,564
40.00,119.11,564
42.50,118.70,564
43.97,120.00,564
45.00,121.99,564
45.18,122.50,564

-34.78,-52.50,564
-37.50,-51.05,564
-40.00,-51.19,564
-41.87,-52.50,564
-42.36,-55.00,564
-40.00,-55.88,564
-37.50,-55.52,564
-36.62,-55.00,564
-35.00,-52.77,564
-34.78,-52.50,564

-27.93,0.00,570
-27.58,-2.50,570
-27.50,-3.20,570
-27.25,-5.00,570
-27.12,-7.50,570
-27.10,-10.00,570
-27.22,-12.50,570
-27.50,-15.00,570
-27.81,-17.50,570
-28.26,-20.00,570
-28.87,-22.50,570
-29.75,-25.00,570
-30.00,-25.54,570
-30.96,-27.50,570
-32.45,-30.00,570
-34.56,-32.50,570
-35.00,-33.25,570
-36.48,-35.00,570
-37.50,-36.45,570
-38.43,-37.50,570
-39.52,-40.00,570
-37.50,-41.04,570
-35.00,-41.81,570
-34.36,-42.50,570
-32.50,-43.78,570
-30.00,-44.54,570
-29.55,-45.00,570
-27.81,-47.50,570
-28.02,-50.00,570
-29.35,-52.50,570
-30.00,-53.22,570
-31.93,-55.00,570
-32.50,-55.54,570
-34.99,-57.50,570
-37.50,-59.61,570
-37.98,-60.00,570
-38.72,-62.50,570
-38.24,-65.00,570
-37.50,-66.46,570
-36.97,-67.50,570
-35.27,-70.00,570
-35.00,-70.52,570
-33.99,-72.50,570
-32.55,-75.00,570
-30.99,-77.50,570
-30.00,-79.26,570
-29.60,-80.00,570
-28.52,-82.50,570
-27.85,-85.00,570
-27.50,-86.49,570
-27.26,-87.50,570
-26.93,-90.00,570
-26.89,-92.50,570
-27.09,-95.00,570
-27.43,-97.50,570
-27.88,-100.00,570
-28.43,-102.50,570
-29.17,-105.00,570
-30.00,-107.19,570
-30.94,-110.00,570
-31.98,-112.50,570
-32.50,-113.57,570
-33.07,-115.00,570
-33.98,-117.50,570
-34.97,-120.00,570
-35.63,-122.50,570
-35.86,-125.00,570
-35.64,-127.50,570
-35.00,-129.93,570
-33.29,-132.50,570
-32.50,-133.46,570
-31.61,-135.00,570
-30.00,-137.36,570
-28.28,-140.00,570
-27.50,-141.86,570
-27.22,-142.50,570
-26.40,-145.00,570
-25.98,-147.50,570
-25.86,-150.00,570
-25.97,-152.50,570
-26.30,-155.00,570
-26.76,-157.50,570
-27.28,-160.00,570
-27.50,-160.99,570
-27.91,-162.50,570
-28.55,-165.00,570
-29.09,-167.50,570
-29.51,-170.00,570
-29.83,-172.50,570
-30.00,-174.53,570
-30.06,-175.00,570
-30.15,-177.50,570
-31.94,180.00,570
-32.50,179.50,570
-33.77,177.50,570
-34.58,175.00,570
-34.93,172.50,570
-35.31,170.00,570
-35.39,167.50,570
-35.04,165.00,570
-34.32,162.50,570
-33.50,160.00,570
-32.60,157.50,570
-31.99,155.00,570
-31.86,152.50,570
-31.92,150.00,570
-31.79,147.50,570
-31.53,145.00,570
-31.20,142.50,570
-30.89,140.00,570
-30.34,137.50,570
-30.09,135.00,570
-30.00,134.23,570
-29.75,132.50,570
-29.57,130.00,570
-29.48,127.50,570
-29.49,125.00,570
-29.73,122.50,570
-30.00,120.05,570
-30.55,117.50,570
-31.17,115.00,570
-31.69,112.50,570
-32.19,110.00,570
-32.42,107.50,570
-32.34,105.00,570
-32.13,102.50,570
-32.05,100.00,570
-31.91,97.50,570
-31.74,95.00,570
-31.64,92.50,570
-31.58,90.00,570
-31.62,87.50,570
-31.81,85.00,570
-32.09,82.50,570
-32.46,80.00,570
-32.90,77.50,570
-33.51,75.00,570
-34.33,72.50,570
-35.00,71.03,570
-35.38,70.00,570
-36.48,67.50,570
-37.50,65.38,570
-38.59,62.50,570
-39.60,60.00,570
-40.00,58.96,570
-40.45,57.50,570
-41.11,55.00,570
-41.67,52.50,570
-42.09,50.00,570
-42.32,47.50,570
-42.32,45.00,570
-42.13,42.50,570
-41.80,40.00,570
-41.40,37.50,570
-40.94,35.00,570
-40.42,32.50,570
-40.00,30.70,570
-39.82,30.00,570
-39.06,27.50,570
-38.21,25.00,570
-37.50,23.24,570
-37.17,22.50,570
-35.96,20.00,570
-35.00,18.19,570
-34.62,17.50,570
-33.34,15.00,570
-32.50,13.05,570
-32.25,12.50,570
-31.19,10.00,570
-30.22,7.50,570
-30.00,6.93,570
-29.23,5.00,570
-28.48,2.50,570
-27.93,0.00,570

48.20,0.00,570
48.05,-2.50,570
47.95,-5.00,570
47.80,-7.50,570
47.59,-10.00,570
47.50,-11.36,570
47.41,-12.50,570
47.19,-15.00,570
47.15,-17.50,570
47.42,-20.00,570
47.50,-20.62,570
47.70,-22.50,570
48.03,-25.00,570
48.55,-27.50,570
49.24,-30.00,570
49.82,-32.50,570
50.00,-33.38,570
50.34,-35.00,570
50.83,-37.50,570
51.24,-40.00,570
51.35,-42.50,570
51.23,-45.00,570
51.05,-47.50,570
50.89,-50.00,570
50.74,-52.50,570
50.69,-55.00,570
50.76,-57.50,570
50.77,-60.00,570
50.91,-62.50,570
51.06,-65.00,570
51.23,-67.50,570
51.30,-70.00,570
51.31,-72.50,570
51.31,-75.00,570
51.20,-77.50,570
50.77,-80.00,570
50.00,-82.19,570
48.94,-85.00,570
48.38,-87.50,570
47.96,-90.00,570
47.50,-92.00,570
47.38,-92.50,570
46.98,-95.00,570
46.96,-97.50,570
47.29,-100.00,570
47.50,-101.06,570
48.05,-102.50,570
49.26,-105.00,570
50.00,-107.47,570
50.91,-110.00,570
51.50,-112.50,570
51.87,-115.00,570
52.00,-117.50,570
51.83,-120.00,570
51.53,-122.50,570
51.15,-125.00,570
50.81,-127.50,570
50.55,-130.00,570
50.41,-132.50,570
50.45,-135.00,570
50.77,-137.50,570
51.46,-140.00,570
52.50,-142.12,570
54.40,-145.00,570
55.00,-145.78,570
56.62,-147.50,570
57.50,-148.88,570
58.00,-150.00,570
58.85,-152.50,570
59.61,-155.00,570
60.00,-156.39,570
60.23,-157.50,570
60.69,-160.00,570
61.08,-162.50,570
61.46,-165.00,570
61.73,-167.50,570
61.91,-170.00,570
62.04,-172.50,570
62.12,-175.00,570
62.16,-177.50,570
62.15,180.00,570
62.07,177.50,570
61.96,175.00,570
61.81,172.50,570
61.67,170.00,570
61.53,167.50,570
61.34,165.00,570
61.12,162.50,570
60.81,160.00,570
60.48,157.50,570
60.12,155.00,570
60.00,154.31,570
59.57,152.50,570
59.04,150.00,570
58.55,147.50,570
58.10,145.00,570
57.67,142.50,570
57.50,141.55,570
57.09,140.00,570
56.57,137.50,570
56.16,135.00,570
55.72,132.50,570
55.37,130.00,570
55.14,127.50,570
55.06,125.00,570
55.17,122.50,570
55.67,120.00,570
56.44,117.50,570
57.50,115.30,570
58.25,112.50,570
58.55,110.00,570
58.34,107.50,570
57.50,105.25,570
55.00,103.11,570
52.98,102.50,570
52.50,102.41,570
50.00,100.52,570
49.76,100.00,570
48.76,97.50,570
48.36,95.00,570
48.64,92.50,570
49.21,90.00,570
48.93,87.50,570
48.35,85.00,570
47.73,82.50,570
47.50,81.69,570
47.12,80.00,570
46.71,77.50,570
46.08,75.00,570
45.53,72.50,570
45.14,70.00,570
45.04,67.50,570
45.18,65.00,570
45.69,62.50,570
46.77,60.00,570
47.50,58.88,570
48.80,57.50,570
50.00,56.15,570
51.75,55.00,570
52.50,54.24,570
54.38,52.50,570
55.00,51.38,570
55.66,50.00,570
55.73,47.50,570
55.07,45.00,570
53.89,42.50,570
52.96,40.00,570
52.68,37.50,570
53.18,35.00,570
53.99,32.50,570
54.88,30.00,570
55.64,27.50,570
56.13,25.00,570
56.24,22.50,570
55.64,20.00,570
55.00,18.73,570
54.46,17.50,570
53.07,15.00,570
52.50,14.21,570
51.55,12.50,570
50.29,10.00,570
50.00,9.23,570
49.40,7.50,570
48.79,5.00,570
48.47,2.50,570
48.20,0.00,570

51.84,162.50,570
52.42,165.00,570
52.38,167.50,570
51.76,170.00,570
50.00,172.07,570
49.05,172.50,570
47.50,173.00,570
46.37,172.50,570
45.00,171.84,570
43.34,170.00,570
42.50,167.70,570
42.35,165.00,570
42.50,164.52,570
43.18,162.50,570
45.00,160.23,570
45.56,160.00,570
47.50,159.41,570
49.46,160.00,570
50.00,160.25,570
51.84,162.50,570

47.85,112.50,570
49.76,115.00,570
49.51,117.50,570
49.01,120.00,570
48.66,122.50,570
47.94,125.00,570
47.50,125.47,570
45.96,127.50,570
45.00,128.24,570
42.50,129.71,570
40.00,129.32,570
37.50,128.00,570
36.86,127.50,570
35.17,125.00,570
35.00,123.35,570
34.91,122.50,570
35.73,120.00,570
37.33,117.50,570
40.00,115.25,570
40.48,115.00,570
42.50,113.85,570
45.00,113.16,570
47.23,112.50,570
47.85,112.50,570

-25.88,0.00,576
-25.55,-2.50,576
-25.35,-5.00,576
-25.22,-7.50,576
-25.18,-10.00,576
-25.19,-12.50,576
-25.26,-15.00,576
-25.48,-17.50,576
-25.83,-20.00,576
-26.36,-22.50,576
-27.04,-25.00,576
-27.50,-26.58,576
-27.77,-27.50,576
-28.66,-30.00,576
-29.41,-32.50,576
-29.69,-35.00,576
-29.50,-37.50,576
-28.36,-40.00,576
-27.50,-41.10,576
-26.52,-42.50,576
-25.11,-45.00,576
-24.33,-47.50,576
-24.76,-50.00,576
-25.00,-50.68,576
-25.67,-52.50,576
-27.39,-55.00,576
-29.89,-57.50,576
-32.40,-60.00,576
-33.96,-62.50,576
-34.01,-65.00,576
-33.08,-67.50,576
-32.71,-70.00,576
-32.50,-70.39,576
-31.23,-72.50,576
-30.20,-75.00,576
-30.00,-75.37,576
-28.87,-77.50,576
-27.72,-80.00,576
-27.50,-80.60,576
-26.65,-82.50,576
-25.97,-85.00,576
-25.49,-87.50,576
-25.17,-90.00,576
-25.06,-92.50,576
-25.10,-95.00,576
-25.31,-97.50,576
-25.63,-100.00,576
-26.05,-102.50,576
-26.60,-105.00,576
-27.39,-107.50,576
-28.10,-110.00,576
-28.92,-112.50,576
-29.84,-115.00,576
-30.00,-115.41,576
-30.84,-117.50,576
-31.63,-120.00,576
-32.21,-122.50,576
-32.38,-125.00,576
-31.73,-127.50,576
-30.66,-130.00,576
-30.00,-131.56,576
-29.49,-132.50,576
-28.25,-135.00,576
-27.50,-136.49,576
-27.02,-137.50,576
-25.89,-140.00,576
-25.07,-142.50,576
-24.17,-145.00,576
-23.72,-147.50,576
-23.48,-150.00,576
-23.48,-152.50,576
-23.61,-155.00,576
-23.89,-157.50,576
-24.23,-160.00,576
-24.60,-162.50,576
-24.94,-165.00,576
-25.00,-165.38,576
-25.32,-167.50,576
-25.60,-170.00,576
-25.85,-172.50,576
-25.99,-175.00,576
-26.11,-177.50,576
-26.29,180.00,576
-26.60,177.50,576
-26.98,175.00,576
-27.28,172.50,576
-27.50,170.76,576
-27.64,170.00,576
-28.07,167.50,576
-28.44,165.00,576
-28.64,162.50,576
-28.72,160.00,576
-28.57,157.50,576
-28.56,155.00,576
-28.62,152.50,576
-28.73,150.00,576
-28.70,147.50,576
-28.59,145.00,576
-28.41,142.50,576
-28.19,140.00,576
-27.87,137.50,576
-27.69,135.00,576
-27.50,132.63,576
-27.28,130.00,576
-27.06,127.50,576
-26.96,125.00,576
-26.97,122.50,576
-27.00,120.00,576
-26.98,117.50,576
-27.08,115.00,576
-27.20,112.50,576
-27.36,110.00,576
-27.50,107.78,576
-27.81,105.00,576
-28.17,102.50,576
-28.37,100.00,576
-28.44,97.50,576
-28.40,95.00,576
-28.37,92.50,576
-28.41,90.00,576
-28.51,87.50,576
-28.78,85.00,576
-29.24,82.50,576
-29.82,80.00,576
-30.00,79.24,576
-30.23,77.50,576
-30.59,75.00,576
-31.16,72.50,576
-32.25,70.00,576
-32.50,69.60,576
-33.54,67.50,576
-35.00,65.05,576
-36.08,62.50,576
-37.21,60.00,576
-37.50,59.28,576
-38.03,57.50,576
-38.68,55.00,576
-39.21,52.50,576
-39.55,50.00,576
-39.67,47.50,576
-39.57,45.00,576
-39.30,42.50,576
-38.96,40.00,576
-38.60,37.50,576
-38.21,35.00,576
-37.73,32.50,576
-37.50,31.54,576
-37.00,30.00,576
-36.28,27.50,576
-35.48,25.00,576
-35.00,23.81,576
-34.37,22.50,576
-33.13,20.00,576
-32.50,18.57,576
-32.04,17.50,576
-30.83,15.00,576
-30.00,13.05,576
-29.74,12.50,576
-28.77,10.00,576
-27.95,7.50,576
-27.50,5.90,576
-27.19,5.00,576
-26.40,2.50,576
-25.88,0.00,576

46.58,0.00,576
46.26,-2.50,576
45.92,-5.00,576
45.56,-7.50,576
45.25,-10.00,576
45.05,-12.50,576
45.00,-13.09,576
44.77,-15.00,576
44.47,-17.50,576
44.67,-20.00,576
45.00,-21.37,576
45.17,-22.50,576
45.52,-25.00,576
46.15,-27.50,576
47.05,-30.00,576
47.50,-31.44,576
47.77,-32.50,576
48.21,-35.00,576
48.61,-37.50,576
48.94,-40.00,576
49.05,-42.50,576
48.95,-45.00,576
48.80,-47.50,576
48.54,-50.00,576
48.26,-52.50,576
48.08,-55.00,576
48.02,-57.50,576
48.06,-60.00,576
48.34,-62.50,576
48.64,-65.00,576
48.87,-67.50,576
48.91,-70.00,576
48.77,-72.50,576
48.52,-75.00,576
48.36,-77.50,576
48.24,-80.00,576
47.87,-82.50,576
47.50,-83.89,576
47.17,-85.00,576
46.73,-87.50,576
46.30,-90.00,576
45.85,-92.50,576
45.52,-95.00,576
45.38,-97.50,576
45.50,-100.00,576
45.91,-102.50,576
46.52,-105.00,576
47.42,-107.50,576
48.12,-110.00,576
48.65,-112.50,576
48.99,-115.00,576
48.99,-117.50,576
48.83,-120.00,576
48.61,-122.50,576
48.42,-125.00,576
48.18,-127.50,576
48.00,-130.00,576
47.89,-132.50,576
47.94,-135.00,576
48.22,-137.50,576
48.83,-140.00,576
50.00,-142.46,576
51.10,-145.00,576
52.50,-146.98,576
52.87,-147.50,576
54.59,-150.00,576
55.00,-150.65,576
55.92,-152.50,576
56.82,-155.00,576
57.50,-157.44,576
58.28,-160.00,576
58.91,-162.50,576
59.36,-165.00,576
59.68,-167.50,576
59.83,-170.00,576
59.90,-172.50,576
59.92,-175.00,576
59.84,-177.50,576
59.67,180.00,576
59.26,177.50,576
58.67,175.00,576
57.78,172.50,576
57.50,172.03,576
56.51,172.50,576
55.00,172.98,576
53.24,175.00,576
52.50,175.64,576
50.00,176.85,576
47.50,176.39,576
45.00,175.22,576
44.67,175.00,576
42.50,173.45,576
41.53,172.50,576
40.00,170.37,576
39.59,170.00,576
37.93,167.50,576
37.50,166.25,576
36.56,165.00,576
35.93,162.50,576
36.19,160.00,576
37.50,158.84,576
40.00,158.29,576
41.10,157.50,576
42.50,156.95,576
45.00,155.94,576
47.50,155.34,576
50.00,155.30,576
52.50,155.64,576
55.00,155.62,576
55.16,155.00,576
55.13,152.50,576
55.00,150.34,576
54.60,147.50,576
54.14,145.00,576
53.72,142.50,576
53.21,140.00,576
52.78,137.50,576
52.50,136.00,576
52.13,135.00,576
50.00,132.99,576
49.68,132.50,576
47.50,130.76,576
45.00,131.37,576
42.50,131.75,576
40.00,131.50,576
37.50,130.26,576
37.05,130.00,576
35.00,128.66,576
33.93,127.50,576
32.70,125.00,576
32.50,123.40,576
32.29,122.50,576
32.36,120.00,576
32.50,119.51,576
33.01,117.50,576
34.69,115.00,576
35.00,114.66,576
36.98,112.50,576
37.50,111.92,576
39.88,110.00,576
42.50,107.99,576
43.05,107.50,576
44.71,105.00,576
45.00,104.23,576
45.50,102.50,576
45.62,100.00,576
45.50,97.50,576
45.59,95.00,576
45.64,92.50,576
45.69,90.00,576
45.69,87.50,576
45.49,85.00,576
45.16,82.50,576
45.01,80.00,576
44.36,77.50,576
43.74,75.00,576
43.25,72.50,576
42.91,70.00,576
42.87,67.50,576
42.95,65.00,576
43.42,62.50,576
44.44,60.00,576
45.00,58.98,576
45.61,57.50,576
47.17,55.00,576
47.50,54.46,576
48.84,52.50,576
49.98,50.00,576
50.27,47.50,576
50.31,45.00,576
50.03,42.50,576
49.51,40.00,576
49.24,37.50,576
49.06,35.00,576
50.00,33.68,576
50.64,32.50,576
51.72,30.00,576
52.50,27.84,576
52.98,25.00,576
53.18,22.50,576
52.86,20.00,576
52.50,18.95,576
52.01,17.50,576
50.93,15.00,576
50.00,12.76,576
48.71,10.00,576
47.98,7.50,576
47.50,5.42,576
46.99,2.50,576
46.58,0.00,576

-22.95,0.00,582
-22.64,-2.50,582
-22.50,-4.61,582
-22.46,-5.00,582
-22.40,-7.50,582
-22.33,-10.00,582
-22.20,-12.50,582
-22.22,-15.00,582
-22.37,-17.50,582
-22.50,-18.86,582
-22.57,-20.00,582
-22.81,-22.50,582
-23.05,-25.00,582
-23.28,-27.50,582
-23.35,-30.00,582
-23.07,-32.50,582
-22.50,-34.46,582
-22.30,-35.00,582
-20.90,-37.50,582
-20.00,-39.49,582
-19.81,-40.00,582
-19.55,-42.50,582
-19.74,-45.00,582
-19.70,-47.50,582
-20.00,-48.43,582
-20.38,-50.00,582
-21.21,-52.50,582
-22.50,-54.73,582
-24.56,-57.50,582
-25.00,-58.07,582
-26.68,-60.00,582
-27.50,-61.23,582
-28.25,-62.50,582
-28.71,-65.00,582
-28.09,-67.50,582
-27.90,-70.00,582
-27.97,-72.50,582
-27.50,-74.38,582
-27.28,-75.00,582
-25.94,-77.50,582
-25.00,-79.82,582
-23.98,-82.50,582
-23.26,-85.00,582
-22.71,-87.50,582
-22.50,-88.82,582
-22.22,-90.00,582
-21.86,-92.50,582
-21.71,-95.00,582
-21.77,-97.50,582
-22.11,-100.00,582
-22.50,-102.40,582
-22.83,-105.00,582
-23.38,-107.50,582
-24.16,-110.00,582
-25.00,-111.88,582
-25.23,-112.50,582
-26.10,-115.00,582
-27.02,-117.50,582
-27.50,-119.03,582
-27.78,-120.00,582
-28.24,-122.50,582
-28.14,-125.00,582
-27.57,-127.50,582
-26.49,-130.00,582
-25.32,-132.50,582
-25.00,-133.25,582
-24.03,-135.00,582
-22.97,-137.50,582
-22.50,-138.97,582
-22.12,-140.00,582
-21.44,-142.50,582
-20.81,-145.00,582
-20.52,-147.50,582
-20.32,-150.00,582
-20.29,-152.50,582
-20.33,-155.00,582
-20.47,-157.50,582
-20.74,-160.00,582
-21.01,-162.50,582
-21.27,-165.00,582
-21.52,-167.50,582
-21.80,-170.00,582
-21.97,-172.50,582
-22.11,-175.00,582
-22.23,-177.50,582
-22.13,180.00,582
-21.95,177.50,582
-21.78,175.00,582
-21.73,172.50,582
-21.68,170.00,582
-21.73,167.50,582
-21.96,165.00,582
-22.42,162.50,582
-23.09,160.00,582
-23.67,157.50,582
-24.16,155.00,582
-24.51,152.50,582
-24.86,150.00,582
-25.00,148.18,582
-25.04,147.50,582
-25.19,145.00,582
-25.09,142.50,582
-25.00,141.18,582
-24.90,140.00,582
-24.47,137.50,582
-24.16,135.00,582
-24.00,132.50,582
-23.77,130.00,582
-23.56,127.50,582
-23.36,125.00,582
-23.28,122.50,582
-23.33,120.00,582
-23.33,117.50,582
-23.29,115.00,582
-23.26,112.50,582
-23.18,110.00,582
-23.03,107.50,582
-22.81,105.00,582
-22.55,102.50,582
-22.50,101.84,582
-22.36,100.00,582
-22.41,97.50,582
-22.50,96.43,582
-22.68,95.00,582
-22.96,92.50,582
-23.12,90.00,582
-23.27,87.50,582
-23.35,85.00,582
-23.62,82.50,582
-24.04,80.00,582
-24.61,77.50,582
-25.00,76.15,582
-25.28,75.00,582
-25.78,72.50,582
-26.51,70.00,582
-27.50,67.55,582
-29.11,65.00,582
-30.00,64.01,582
-31.21,62.50,582
-32.50,60.94,582
-32.94,60.00,582
-33.95,57.50,582
-34.73,55.00,582
-35.00,52.77,582
-35.00,52.28,582
-34.66,50.00,582
-34.28,47.50,582
-34.00,45.00,582
-33.47,42.50,582
-32.50,40.18,582
-30.96,37.50,582
-30.00,35.72,582
-29.63,35.00,582
-29.91,32.50,582
-31.07,30.00,582
-31.57,27.50,582
-31.16,25.00,582
-30.38,22.50,582
-30.00,21.48,582
-29.38,20.00,582
-28.56,17.50,582
-27.78,15.00,582
-27.50,14.33,582
-26.59,12.50,582
-25.64,10.00,582
-25.00,7.82,582
-24.11,5.00,582
-23.42,2.50,582
-22.95,0.00,582

44.50,0.00,582
43.97,-2.50,582
43.41,-5.00,582
42.78,-7.50,582
42.50,-8.68,582
42.11,-10.00,582
41.48,-12.50,582
41.02,-15.00,582
40.67,-17.50,582
40.61,-20.00,582
40.99,-22.50,582
41.84,-25.00,582
42.50,-26.20,582
43.08,-27.50,582
44.25,-30.00,582
45.00,-32.15,582
45.52,-35.00,582
45.89,-37.50,582
46.21,-40.00,582
46.24,-42.50,582
46.03,-45.00,582
45.78,-47.50,582
45.31,-50.00,582
45.00,-51.44,582
44.58,-52.50,582
43.39,-55.00,582
42.50,-56.28,582
41.15,-57.50,582
40.00,-59.10,582
39.50,-60.00,582
40.00,-60.96,582
41.35,-62.50,582
42.50,-63.72,582
43.29,-65.00,582
44.53,-67.50,582
45.00,-68.46,582
45.36,-70.00,582
45.55,-72.50,582
45.48,-75.00,582
45.42,-77.50,582
45.38,-80.00,582
45.20,-82.50,582
45.00,-84.30,582
44.91,-85.00,582
44.67,-87.50,582
44.25,-90.00,582
43.85,-92.50,582
43.57,-95.00,582
43.41,-97.50,582
43.40,-100.00,582
43.61,-102.50,582
44.05,-105.00,582
44.55,-107.50,582
44.90,-110.00,582
45.00,-110.58,582
45.30,-112.50,582
45.32,-115.00,582
45.13,-117.50,582
45.00,-118.28,582
44.46,-120.00,582
43.69,-122.50,582
42.81,-125.00,582
42.50,-126.32,582
42.23,-127.50,582
41.87,-130.00,582
41.15,-132.50,582
40.03,-135.00,582
37.50,-134.75,582
36.85,-137.50,582
37.10,-140.00,582
36.95,-142.50,582
36.90,-145.00,582
37.50,-146.30,582
40.00,-145.73,582
42.50,-145.78,582
45.00,-147.38,582
47.50,-148.76,582
48.54,-150.00,582
50.00,-151.24,582
51.10,-152.50,582
52.50,-154.03,582
53.06,-155.00,582
54.50,-157.50,582
55.00,-158.30,582
55.59,-160.00,582
56.24,-162.50,582
56.72,-165.00,582
57.02,-167.50,582
57.10,-170.00,582
56.81,-172.50,582
55.84,-175.00,582
55.00,-176.26,582
52.50,-177.27,582
50.00,-177.43,582
47.50,-178.09,582
45.00,-179.36,582
43.88,180.00,582
42.50,179.15,582
40.00,178.22,582
39.09,177.50,582
37.50,175.99,582
36.79,175.00,582
35.00,172.72,582
33.06,170.00,582
32.50,169.01,582
31.69,167.50,582
30.33,165.00,582
30.00,163.93,582
29.62,162.50,582
29.39,160.00,582
29.67,157.50,582
30.00,156.68,582
30.93,155.00,582
32.50,153.12,582
33.52,152.50,582
35.00,151.68,582
37.50,151.13,582
40.00,150.79,582
42.40,150.00,582
45.00,147.63,582
46.65,145.00,582
47.12,142.50,582
46.95,140.00,582
46.16,137.50,582
45.00,135.02,582
42.50,134.60,582
40.00,134.16,582
37.50,133.37,582
35.84,132.50,582
35.00,132.08,582
32.50,130.37,582
32.01,130.00,582
30.00,127.62,582
28.21,125.00,582
27.50,123.20,582
27.21,122.50,582
26.98,120.00,582
26.95,117.50,582
27.50,115.48,582
27.68,115.00,582
29.58,112.50,582
30.00,111.97,582
31.73,110.00,582
32.50,109.28,582
34.54,107.50,582
35.00,107.08,582
37.07,105.00,582
37.50,104.53,582
39.04,102.50,582
40.00,100.28,582
40.51,97.50,582
40.64,95.00,582
40.93,92.50,582
41.10,90.00,582
41.13,87.50,582
41.12,85.00,582
40.70,82.50,582
40.54,80.00,582
40.00,77.64,582
39.11,75.00,582
38.52,72.50,582
38.20,70.00,582
37.50,68.69,582
36.73,67.50,582
35.76,65.00,582
35.05,62.50,582
35.38,60.00,582
36.56,57.50,582
37.50,55.22,582
38.86,52.50,582
39.49,50.00,582
40.00,47.75,582
40.00,47.13,582
39.44,45.00,582
37.58,42.50,582
36.71,40.00,582
36.17,37.50,582
36.00,35.00,582
36.05,32.50,582
36.67,30.00,582
37.50,28.59,582
38.24,27.50,582
40.00,25.92,582
42.50,25.60,582
45.00,25.85,582
47.50,25.40,582
47.75,25.00,582
48.50,22.50,582
49.08,20.00,582
48.89,17.50,582
48.22,15.00,582
47.63,12.50,582
47.50,12.02,582
46.81,10.00,582
46.00,7.50,582
45.52,5.00,582
45.11,2.50,582
45.00,1.89,582
44.50,0.00,582

-17.36,0.00,588
-16.23,-2.50,588
-15.68,-5.00,588
-15.16,-7.50,588
-15.00,-8.26,588
-14.20,-10.00,588
-13.65,-12.50,588
-13.47,-15.00,588
-13.28,-17.50,588
-13.16,-20.00,588
-12.82,-22.50,588
-12.50,-24.36,588
-12.30,-25.00,588
-11.75,-27.50,588
-11.04,-30.00,588
-10.98,-32.50,588
-10.71,-35.00,588
-10.54,-37.50,588
-10.22,-40.00,588
-10.09,-42.50,588
-10.11,-45.00,588
-10.37,-47.50,588
-11.08,-50.00,588
-11.14,-52.50,588
-10.87,-55.00,588
-10.62,-57.50,588
-10.00,-58.43,588
-9.53,-60.00,588
-7.50,-61.86,588
-5.70,-62.50,588
-5.00,-62.75,588
-3.71,-60.00,588
-3.90,-57.50,588
-4.89,-55.00,588
-5.00,-54.45,588
-5.55,-52.50,588
-6.28,-50.00,588
-5.90,-47.50,588
-6.86,-45.00,588
-6.89,-42.50,588
-5.64,-40.00,588
-5.00,-38.93,588
-2.50,-38.22,588
0.00,-38.02,588
0.50,-37.50,588
0.00,-37.21,588
-1.73,-35.00,588
-2.07,-32.50,588
-2.39,-30.00,588
-2.37,-27.50,588
-2.50,-26.80,588
-2.74,-25.00,588
-4.67,-22.50,588
-5.00,-21.64,588
-5.22,-20.00,588
-5.00,-19.66,588
-2.50,-18.30,588
0.00,-18.74,588
1.89,-20.00,588
2.50,-20.32,588
2.80,-20.00,588
5.00,-19.18,588
7.50,-18.12,588
10.00,-17.60,588
12.50,-17.61,588
13.58,-20.00,588
13.98,-22.50,588
12.81,-25.00,588
12.50,-25.58,588
10.00,-27.26,588
7.50,-26.53,588
5.11,-27.50,588
3.02,-30.00,588
2.98,-32.50,588
3.12,-35.00,588
2.84,-37.50,588
2.58,-40.00,588
3.22,-42.50,588
2.50,-44.40,588
2.07,-45.00,588
2.50,-45.08,588
3.39,-45.00,588
5.00,-44.54,588
5.22,-45.00,588
5.54,-47.50,588
5.49,-50.00,588
5.00,-50.37,588
4.01,-52.50,588
5.00,-53.72,588
6.24,-55.00,588
5.01,-57.50,588
6.36,-60.00,588
6.98,-62.50,588
6.43,-65.00,588
7.02,-67.50,588
7.50,-68.81,588
8.28,-70.00,588
10.00,-71.54,588
10.68,-72.50,588
10.86,-75.00,588
12.50,-77.08,588
12.70,-77.50,588
12.50,-78.23,588
11.97,-80.00,588
12.50,-82.25,588
14.09,-85.00,588
14.70,-87.50,588
14.67,-90.00,588
15.00,-91.88,588
15.10,-92.50,588
15.00,-93.22,588
14.73,-95.00,588
14.66,-97.50,588
15.00,-98.58,588
15.67,-100.00,588
16.26,-102.50,588
17.14,-105.00,588
17.50,-106.47,588
17.90,-107.50,588
18.80,-110.00,588
18.64,-112.50,588
17.85,-115.00,588
17.50,-116.28,588
17.30,-117.50,588
17.32,-120.00,588
17.44,-122.50,588
17.50,-123.07,588
17.71,-125.00,588
18.36,-127.50,588
19.08,-130.00,588
19.54,-132.50,588
19.09,-135.00,588
18.95,-137.50,588
18.62,-140.00,588
18.18,-142.50,588
18.36,-145.00,588
19.06,-147.50,588
19.60,-150.00,588
20.00,-151.22,588
20.42,-150.00,588
22.50,-147.66,588
23.37,-145.00,588
24.82,-142.50,588
25.75,-140.00,588
26.89,-137.50,588
27.50,-136.52,588
28.01,-135.00,588
29.19,-132.50,588
30.00,-131.09,588
30.55,-130.00,588
31.55,-127.50,588
32.50,-126.24,588
33.62,-125.00,588
35.00,-124.11,588
35.96,-122.50,588
36.58,-120.00,588
36.70,-117.50,588
36.83,-115.00,588
37.33,-112.50,588
37.50,-112.10,588
38.45,-110.00,588
39.56,-107.50,588
39.71,-105.00,588
39.24,-102.50,588
39.64,-100.00,588
39.88,-97.50,588
40.00,-96.62,588
40.11,-95.00,588
40.23,-92.50,588
40.46,-90.00,588
40.39,-87.50,588
40.22,-85.00,588
40.00,-83.57,588
38.07,-82.50,588
38.03,-80.00,588
38.41,-77.50,588
38.13,-75.00,588
37.50,-72.64,588
36.58,-70.00,588
35.43,-67.50,588
35.00,-66.44,588
34.36,-65.00,588
33.17,-62.50,588
32.50,-60.49,588
32.09,-60.00,588
31.16,-57.50,588
32.50,-55.39,588
32.62,-55.00,588
35.00,-53.46,588
36.67,-52.50,588
37.50,-51.93,588
39.68,-50.00,588
40.00,-49.63,588
41.14,-47.50,588
41.93,-45.00,588
42.32,-42.50,588
42.42,-40.00,588
42.14,-37.50,588
41.52,-35.00,588
40.83,-32.50,588
40.00,-30.13,588
38.46,-27.50,588
37.50,-25.67,588
37.14,-25.00,588
36.29,-22.50,588
35.94,-20.00,588
35.91,-17.50,588
36.22,-15.00,588
36.71,-12.50,588
37.50,-10.23,588
38.49,-7.50,588
39.58,-5.00,588
40.00,-3.97,588
40.46,-2.50,588
41.30,0.00,588

-4.92,142.50,588
-5.00,142.85,588
-5.86,145.00,588
-6.75,147.50,588
-7.25,150.00,588
-7.26,152.50,588
-7.50,153.20,588
-8.00,155.00,588
-8.25,157.50,588
-7.50,159.93,588
-10.00,161.03,588
-12.50,160.95,588
-13.11,160.00,588
-14.00,157.50,588
-14.86,155.00,588
-14.81,152.50,588
-15.00,151.97,588
-15.39,150.00,588
-16.28,147.50,588
-16.99,145.00,588
-17.33,142.50,588
-16.22,140.00,588
-16.17,137.50,588
-15.00,136.82,588
-13.62,137.50,588
-12.50,139.27,588
-11.87,140.00,588
-11.85,142.50,588
-10.00,144.76,588
-8.53,142.50,588
-7.50,141.35,588
-5.00,142.35,588
-4.92,142.50,588

-9.30,-75.00,588
-9.96,-72.50,588
-12.50,-74.50,588
-12.65,-75.00,588
-10.00,-75.39,588
-9.30,-75.00,588

-12.07,127.50,588
-12.50,127.72,588
-12.50,127.05,588
-12.07,127.50,588

-11.09,-70.00,588
-12.50,-68.31,588
-13.53,-67.50,588
-15.00,-66.11,588
-17.50,-66.90,588
-17.78,-67.50,588
-17.50,-67.85,588
-15.50,-70.00,588
-15.42,-72.50,588
-15.00,-72.57,588
-12.50,-71.41,588
-11.09,-70.00,588

-17.26,47.50,588
-17.21,50.00,588
-17.07,52.50,588
-17.19,55.00,588
-17.32,57.50,588
-17.50,58.76,588
-20.00,59.09,588
-21.13,57.50,588
-22.50,56.27,588
-23.64,55.00,588
-25.00,53.44,588
-25.66,52.50,588
-26.68,50.00,588
-26.53,47.50,588
-25.50,45.00,588
-25.00,44.31,588
-22.50,43.01,588
-20.00,43.31,588
-18.48,45.00,588
-17.50,46.99,588
-17.26,47.50,588

-16.34,-127.50,588
-15.96,-125.00,588
-15.71,-122.50,588
-15.75,-120.00,588
-16.11,-117.50,588
-17.50,-115.01,588
-19.46,-117.50,588
-20.00,-117.98,588
-20.58,-120.00,588
-20.99,-122.50,588
-20.81,-125.00,588
-20.01,-127.50,588
-17.50,-129.09,588
-16.34,-127.50,588

-7.76,0.00,588
-8.05,-2.50,588
-7.73,-5.00,588
-7.50,-5.92,588
-6.64,-7.50,588
-5.00,-9.49,588
-2.50,-9.78,588
-2.00,-10.00,588
0.00,-11.56,588
1.16,-12.50,588
2.50,-13.09,588
3.01,-12.50,588
4.79,-10.00,588
5.00,-9.62,588
6.58,-7.50,588
7.50,-6.03,588
7.85,-5.00,588
9.12,-2.50,588
10.00,-1.64,588
10.59,0.00,588

41.30,0.00,588
42.10,2.50,588
42.50,4.37,588
42.60,5.00,588
42.99,7.50,588
43.40,10.00,588
43.70,12.50,588
43.63,15.00,588
42.83,17.50,588
42.50,17.91,588
40.07,20.00,588
37.50,21.94,588
36.71,22.50,588
35.00,24.08,588
33.33,25.00,588
32.50,25.59,588
30.99,27.50,588
30.00,29.94,588
28.58,32.50,588
27.83,35.00,588
27.50,35.91,588
26.50,37.50,588
25.74,40.00,588
25.64,42.50,588
25.00,43.15,588
23.90,45.00,588
22.50,46.35,588
20.00,46.32,588
19.20,45.00,588
18.30,42.50,588
17.50,41.73,588
15.68,40.00,588
15.00,37.68,588
13.66,35.00,588
12.50,33.31,588
11.72,32.50,588
10.94,30.00,588
10.00,28.14,588
9.45,27.50,588
10.00,26.55,588
10.62,25.00,588
11.13,22.50,588
12.21,20.00,588
11.13,17.50,588
10.61,15.00,588
11.10,12.50,588
12.26,10.00,588
11.34,7.50,588
10.67,5.00,588
10.00,3.42,588
9.61,2.50,588
10.00,1.86,588
10.59,0.00,588

-7.76,0.00,588
-7.50,0.99,588
-6.73,2.50,588
-7.50,3.62,588
-7.99,5.00,588
-9.03,7.50,588
-9.82,10.00,588
-11.68,12.50,588
-12.50,13.53,588
-14.43,15.00,588
-15.00,15.35,588
-17.50,15.76,588
-18.39,15.00,588
-20.00,13.41,588
-20.34,12.50,588
-20.30,10.00,588
-20.00,8.96,588
-19.25,7.50,588
-18.43,5.00,588
-17.89,2.50,588
-17.50,0.33,588
-17.36,0.00,588

50.91,-167.50,588
51.43,-165.00,588
50.00,-162.57,588
47.50,-164.76,588
47.36,-167.50,588
47.50,-167.98,588
50.00,-168.83,588
50.91,-167.50,588

39.88,140.00,588
39.99,142.50,588
37.50,144.77,588
37.13,145.00,588
35.00,145.60,588
32.50,146.37,588
30.22,147.50,588
27.50,149.20,588
26.21,150.00,588
25.00,151.77,588
24.39,152.50,588
23.18,155.00,588
22.57,157.50,588
22.50,158.08,588
22.23,160.00,588
22.50,160.76,588
22.93,162.50,588
23.06,165.00,588
23.79,167.50,588
24.89,170.00,588
26.17,172.50,588
27.50,173.86,588
28.68,175.00,588
30.00,176.26,588
30.95,177.50,588
32.41,180.00,588
33.90,-177.50,588
34.98,-175.00,588
34.68,-172.50,588
32.50,-170.28,588
32.14,-170.00,588
30.00,-168.98,588
27.50,-167.82,588
26.69,-167.50,588
25.00,-166.51,588
22.50,-166.70,588
20.00,-165.44,588
19.66,-165.00,588
18.56,-162.50,588
17.85,-160.00,588
17.50,-158.60,588
17.27,-160.00,588
16.63,-162.50,588
15.94,-165.00,588
15.00,-167.50,588
14.55,-170.00,588
13.80,-172.50,588
13.77,-175.00,588
14.02,-177.50,588
13.85,180.00,588
13.57,177.50,588
12.50,175.28,588
12.31,172.50,588
12.03,170.00,588
12.50,167.50,588
10.00,165.66,588
9.83,165.00,588
9.94,162.50,588
8.04,160.00,588
8.30,157.50,588
7.89,155.00,588
7.80,152.50,588
7.50,151.82,588
6.78,150.00,588
7.50,148.29,588
7.84,147.50,588
7.50,145.86,588
7.29,145.00,588
7.50,144.29,588
8.32,142.50,588
7.50,141.62,588
6.35,140.00,588
5.92,137.50,588
6.22,135.00,588
5.00,132.94,588
4.91,132.50,588
4.59,130.00,588
4.97,127.50,588
6.92,125.00,588
7.50,124.16,588
8.11,122.50,588
7.53,120.00,588
8.57,117.50,588
10.00,115.68,588
10.43,115.00,588
12.50,113.75,588
13.40,115.00,588
14.91,117.50,588
15.91,120.00,588
16.35,122.50,588
17.26,125.00,588
17.50,125.40,588
18.34,127.50,588
18.56,130.00,588
17.50,130.83,588
16.05,132.50,588
15.00,133.58,588
13.33,135.00,588
12.50,135.97,588
10.00,135.52,588
8.77,137.50,588
8.99,140.00,588
10.00,140.94,588
10.78,142.50,588
12.50,144.24,588
15.00,144.58,588
15.23,145.00,588
16.43,147.50,588
17.50,148.07,588
20.00,148.58,588
22.50,148.78,588
23.08,147.50,588
23.71,145.00,588
23.26,142.50,588
22.50,140.64,588
21.51,140.00,588
22.23,137.50,588
22.50,136.27,588
25.00,136.80,588
27.50,136.18,588
30.00,136.46,588
32.50,136.65,588
35.00,137.06,588
36.23,137.50,588
37.50,138.18,588
39.88,140.00,588

35.56,-87.50,588
36.97,-85.00,588
37.42,-82.50,588
37.05,-80.00,588
35.00,-78.91,588
32.50,-78.27,588
30.00,-78.77,588
28.52,-80.00,588
27.50,-80.96,588
26.24,-82.50,588
25.43,-85.00,588
25.00,-87.32,588
25.00,-89.04,588
25.13,-90.00,588
27.50,-91.10,588
30.00,-91.32,588
32.50,-90.92,588
34.12,-90.00,588
35.00,-88.63,588
35.56,-87.50,588

21.68,135.00,588
20.00,135.51,588
19.70,135.00,588
20.00,134.53,588
21.68,135.00,588

1.12,-42.50,588
0.00,-41.32,588
-0.48,-42.50,588
0.00,-43.37,588
1.12,-42.50,588

-0.13,150.00,588
-2.50,150.70,588
-3.09,150.00,588
-2.50,149.21,588
-0.13,150.00,588

30.04,-30.00,594
29.29,-30.00,594
30.00,-30.24,594
30.04,-30.00,594

28.45,-27.50,594
27.50,-25.55,594
26.66,-25.00,594
25.00,-23.95,594
24.64,-25.00,594
25.00,-26.58,594
25.61,-27.50,594
27.50,-29.60,594
28.45,-27.50,594

[Latitude],[Longitude],[HI=1/LO=0],[Value]
-58.93,80.41,0,485
-71.62,64.95,0,485
-47.35,88.42,0,491
56.77,-24.88,0,545
58.95,73.32,0,551
-34.73,-146.15,0,551
52.86,-90.39,0,557
30.81,-85.37,0,587
-10.70,-74.17,1,589
-14.55,-69.47,1,589
-21.00,50.84,1,589
-18.20,-122.81,1,589
26.53,-26.46,1,595
