[Latitude],[Longitude],[Value]
-77.50,139.27,486
-76.89,140.00,486
-75.18,142.50,486
-74.52,142.50,486
-72.50,141.56,486
-70.00,140.83,486
-69.42,142.50,486
-68.25,145.00,486
-67.50,146.31,486
-67.14,147.50,486
-66.30,150.00,486
-65.48,152.50,486
-65.00,154.77,486
-64.83,157.50,486
-65.00,159.82,486
-65.13,162.50,486
-65.00,164.91,486
-62.50,165.36,486
-62.06,167.50,486
-62.50,169.67,486
-62.81,170.00,486
-64.22,172.50,486
-64.67,175.00,486
-65.00,176.89,486
-67.50,177.12,486
-68.71,180.00,486
-70.00,-177.75,486
-70.59,-175.00,486
-71.13,-172.50,486
-71.42,-170.00,486
-71.59,-167.50,486
-71.87,-165.00,486
-72.40,-162.50,486
-74.68,-160.00,486
-77.50,-159.22,486

-54.40,82.50,486
-55.00,83.61,486
-55.68,85.00,486
-57.39,87.50,486
-59.82,90.00,486
-62.50,91.79,486
-65.00,90.59,486
-65.63,87.50,486
-65.65,85.00,486
-65.06,82.50,486
-64.07,80.00,486
-62.50,77.95,486
-60.00,77.74,486
-57.50,78.69,486
-55.17,80.00,486
-54.40,82.50,486

-57.42,5.00,486
-56.62,7.50,486
-56.60,10.00,486
-57.04,12.50,486
-57.50,14.23,486
-58.01,15.00,486
-59.21,17.50,486
-60.00,19.94,486
-61.60,22.50,486
-62.47,25.00,486
-64.78,27.50,486
-65.00,28.36,486
-65.45,27.50,486
-66.28,25.00,486
-66.63,22.50,486
-66.78,20.00,486
-66.65,17.50,486
-66.21,15.00,486
-65.48,12.50,486
-65.00,11.53,486
-63.76,10.00,486
-62.50,8.38,486
-61.60,7.50,486
-60.00,6.16,486
-57.83,5.00,486
-57.50,4.89,486
-57.42,5.00,486

-61.47,-100.00,486
-60.86,-97.50,486
-61.01,-95.00,486
-61.75,-92.50,486
-62.47,-90.00,486
-65.00,-88.80,486
-66.17,-90.00,486
-67.50,-91.78,486
-67.89,-92.50,486
-68.29,-95.00,486
-67.73,-97.50,486
-66.62,-100.00,486
-65.00,-101.98,486
-62.50,-101.56,486
-61.47,-100.00,486

-69.71,47.50,486
-69.36,50.00,486
-69.19,52.50,486
-68.99,55.00,486
-68.87,57.50,486
-68.83,60.00,486
-68.87,62.50,486
-68.99,65.00,486
-69.25,67.50,486
-69.72,70.00,486
-70.00,70.94,486
-71.13,72.50,486
-72.50,73.62,486
-73.09,72.50,486
-73.88,70.00,486
-74.23,67.50,486
-74.36,65.00,486
-74.31,62.50,486
-74.14,60.00,486
-73.84,57.50,486
-73.47,55.00,486
-73.12,52.50,486
-72.80,50.00,486
-72.52,47.50,486
-70.00,46.19,486
-69.71,47.50,486

-77.50,125.71,492
-76.77,125.00,492
-75.00,122.60,492
-72.50,122.61,492
-70.61,125.00,492
-70.00,125.54,492
-69.63,127.50,492
-69.13,130.00,492
-68.69,132.50,492
-68.19,135.00,492
-67.68,137.50,492
-67.07,140.00,492
-66.49,142.50,492
-65.84,145.00,492
-65.08,147.50,492
-64.35,150.00,492
-63.78,152.50,492
-63.39,155.00,492
-63.11,157.50,492
-62.69,160.00,492
-61.28,162.50,492
-60.30,165.00,492
-60.33,167.50,492
-61.05,170.00,492
-61.95,172.50,492
-62.50,174.44,492
-62.71,175.00,492
-63.41,177.50,492
-64.10,180.00,492
-64.87,-177.50,492
-66.64,-175.00,492
-67.50,-173.46,492
-68.00,-172.50,492
-68.89,-170.00,492
-69.32,-167.50,492
-69.56,-165.00,492
-69.76,-162.50,492
-70.00,-160.29,492
-71.19,-157.50,492
-72.50,-155.65,492
-73.13,-155.00,492
-74.81,-152.50,492
-76.35,-150.00,492
-77.44,-147.50,492
-77.50,-147.32,492

-77.50,-113.02,492
-75.04,-112.50,492
-72.98,-110.00,492
-72.50,-109.45,492
-71.44,-107.50,492
-70.00,-105.50,492
-67.50,-105.08,492
-65.00,-105.35,492
-63.77,-105.00,492
-62.50,-104.72,492
-60.60,-102.50,492
-60.00,-101.34,492
-59.59,-100.00,492
-59.23,-97.50,492
-59.29,-95.00,492
-59.53,-92.50,492
-59.46,-90.00,492
-59.59,-87.50,492
-60.00,-86.77,492
-62.50,-85.01,492
-65.00,-85.04,492
-67.50,-86.48,492
-69.29,-87.50,492
-70.00,-88.48,492
-71.07,-87.50,492
-72.50,-86.68,492
-75.00,-86.00,492
-77.50,-86.41,492

-47.19,95.00,492
-46.86,97.50,492
-47.36,100.00,492
-50.00,101.41,492
-51.43,102.50,492
-52.50,103.33,492
-52.96,102.50,492
-53.51,100.00,492
-53.71,97.50,492
-53.53,95.00,492
-52.50,92.87,492
-51.93,92.50,492
-50.00,91.70,492
-49.23,92.50,492
-47.50,94.18,492
-47.19,95.00,492

-51.71,80.00,492
-51.18,82.50,492
-52.14,85.00,492
-52.50,85.86,492
-53.46,87.50,492
-55.00,89.09,492
-55.89,90.00,492
-57.50,91.28,492
-58.99,92.50,492
-60.00,93.22,492
-62.50,94.91,492
-63.09,95.00,492
-65.00,95.43,492
-65.41,95.00,492
-66.77,92.50,492
-67.28,90.00,492
-67.50,88.11,492
-67.81,87.50,492
-68.76,85.00,492
-69.85,82.50,492
-72.50,81.85,492
-73.88,80.00,492
-75.00,78.09,492
-75.60,75.00,492
-75.96,72.50,492
-76.22,70.00,492
-76.37,67.50,492
-76.43,65.00,492
-76.41,62.50,492
-76.36,60.00,492
-76.25,57.50,492
-76.09,55.00,492
-75.87,52.50,492
-75.62,50.00,492
-75.34,47.50,492
-75.00,45.09,492
-74.55,42.50,492
-74.08,40.00,492
-73.49,37.50,492
-72.78,35.00,492
-72.50,33.92,492
-71.96,32.50,492
-71.41,30.00,492
-71.14,27.50,492
-70.91,25.00,492
-70.71,22.50,492
-70.35,20.00,492
-70.00,18.28,492
-69.64,15.00,492
-69.10,12.50,492
-67.79,10.00,492
-66.10,7.50,492
-65.00,6.46,492
-63.66,5.00,492
-62.50,3.99,492
-60.75,2.50,492
-60.00,1.97,492
-57.50,1.42,492
-56.22,2.50,492
-55.00,4.49,492
-54.69,7.50,492
-54.87,10.00,492
-55.00,10.54,492
-55.56,12.50,492
-56.29,15.00,492
-57.08,17.50,492
-57.50,18.86,492
-58.00,20.00,492
-58.88,22.50,492
-59.59,25.00,492
-60.00,26.71,492
-60.31,27.50,492
-61.03,30.00,492
-61.50,32.50,492
-61.72,35.00,492
-61.78,37.50,492
-61.74,40.00,492
-61.67,42.50,492
-61.54,45.00,492
-61.25,47.50,492
-60.88,50.00,492
-60.62,52.50,492
-60.43,55.00,492
-60.16,57.50,492
-60.95,60.00,492
-62.50,62.22,492
-63.43,65.00,492
-64.57,67.50,492
-64.69,70.00,492
-62.50,70.50,492
-60.00,71.93,492
-59.69,72.50,492
-57.53,75.00,492
-55.00,76.84,492
-54.14,77.50,492
-52.50,78.89,492
-51.71,80.00,492

-77.50,44.25,498
-77.37,42.50,498
-77.14,40.00,498
-76.86,37.50,498
-76.52,35.00,498
-76.20,32.50,498
-75.88,30.00,498
-75.53,27.50,498
-75.30,25.00,498
-75.35,22.50,498
-75.74,20.00,498
-76.10,17.50,498
-76.13,15.00,498
-75.94,12.50,498
-75.65,10.00,498
-75.04,7.50,498
-74.58,5.00,498
-74.10,2.50,498
-73.27,0.00,498

-77.50,83.53,498
-77.31,85.00,498
-76.94,87.50,498
-76.55,90.00,498
-76.18,92.50,498
-75.90,95.00,498
-75.70,97.50,498
-75.70,100.00,498
-75.99,102.50,498
-76.45,105.00,498
-77.11,107.50,498
-77.50,108.71,498

-77.50,-74.06,498
-76.91,-75.00,498
-75.18,-77.50,498
-74.58,-77.50,498
-72.50,-76.41,498
-71.61,-77.50,498
-70.00,-79.20,498
-68.47,-80.00,498
-67.50,-80.37,498
-65.00,-80.19,498
-62.50,-80.32,498
-60.79,-82.50,498
-60.00,-83.12,498
-58.73,-85.00,498
-57.50,-87.16,498
-56.90,-90.00,498
-57.06,-92.50,498
-57.24,-95.00,498
-57.50,-97.27,498
-57.98,-100.00,498
-58.69,-102.50,498
-59.69,-105.00,498
-60.00,-105.67,498
-61.68,-107.50,498
-62.50,-108.37,498
-65.00,-109.67,498
-65.61,-110.00,498
-67.50,-111.75,498
-68.08,-112.50,498
-69.63,-115.00,498
-70.00,-115.54,498
-71.32,-117.50,498
-72.50,-119.21,498
-73.23,-120.00,498
-74.92,-122.50,498
-76.01,-125.00,498
-76.52,-127.50,498
-76.69,-130.00,498
-76.61,-132.50,498
-76.31,-135.00,498
-75.86,-137.50,498
-75.25,-140.00,498
-74.67,-142.50,498
-74.15,-145.00,498
-73.45,-147.50,498
-72.50,-149.74,498
-71.00,-152.50,498
-70.00,-153.96,498
-69.39,-155.00,498
-68.27,-157.50,498
-67.97,-160.00,498
-67.94,-162.50,498
-67.71,-165.00,498
-67.50,-166.05,498
-67.05,-167.50,498
-65.70,-170.00,498
-65.00,-171.25,498
-64.64,-172.50,498
-63.99,-175.00,498
-63.27,-177.50,498
-62.53,180.00,498
-61.87,177.50,498
-61.22,175.00,498
-60.45,172.50,498
-60.00,171.26,498
-59.63,170.00,498
-59.08,167.50,498
-58.93,165.00,498
-59.16,162.50,498
-59.78,160.00,498
-60.00,159.22,498
-60.78,157.50,498
-61.39,155.00,498
-61.90,152.50,498
-62.50,150.10,498
-63.01,147.50,498
-63.62,145.00,498
-64.28,142.50,498
-64.85,140.00,498
-65.00,139.24,498
-65.32,137.50,498
-65.73,135.00,498
-66.09,132.50,498
-66.41,130.00,498
-66.77,127.50,498
-67.14,125.00,498
-67.46,122.50,498
-67.83,120.00,498
-68.12,117.50,498
-68.35,115.00,498
-68.53,112.50,498
-68.61,110.00,498
-68.60,107.50,498
-68.36,105.00,498
-67.50,102.91,498
-67.19,102.50,498
-65.00,101.19,498
-63.87,100.00,498
-62.50,99.10,498
-60.00,97.50,498
-57.50,96.74,498
-56.95,97.50,498
-55.98,100.00,498
-55.00,102.30,498
-53.76,105.00,498
-52.50,105.94,498
-50.67,105.00,498
-50.00,104.45,498
-47.50,102.61,498
-45.96,100.00,498
-45.44,97.50,498
-45.72,95.00,498
-46.51,92.50,498
-47.50,90.37,498
-47.86,90.00,498
-48.95,87.50,498
-48.93,85.00,498
-48.59,82.50,498
-49.39,80.00,498
-50.00,78.87,498
-50.95,77.50,498
-52.50,75.77,498
-53.47,75.00,498
-55.00,73.11,498
-55.49,72.50,498
-56.48,70.00,498
-56.56,67.50,498
-56.53,65.00,498
-56.70,62.50,498
-56.98,60.00,498
-57.25,57.50,498
-57.50,55.20,498
-58.04,52.50,498
-58.52,50.00,498
-58.89,47.50,498
-59.18,45.00,498
-59.44,42.50,498
-59.65,40.00,498
-59.73,37.50,498
-59.62,35.00,498
-59.40,32.50,498
-59.03,30.00,498
-58.52,27.50,498
-57.87,25.00,498
-57.50,23.83,498
-57.14,22.50,498
-56.38,20.00,498
-55.65,17.50,498
-55.00,15.38,498
-54.18,12.50,498
-53.70,10.00,498
-53.51,7.50,498
-53.62,5.00,498
-54.09,2.50,498
-55.00,0.55,498
-55.67,0.00,498

-73.27,0.00,498
-72.72,-2.50,498
-70.14,-5.00,498
-69.13,-2.50,498
-68.43,0.00,498

-61.62,0.00,498
-60.00,-0.82,498
-57.50,-1.15,498
-55.67,0.00,498

-61.62,0.00,498
-62.50,0.56,498
-65.00,1.92,498
-67.50,1.47,498
-68.43,0.00,498

-77.50,-64.16,504
-77.13,-65.00,504
-76.01,-67.50,504
-75.00,-69.55,504
-74.12,-70.00,504
-72.50,-70.45,504
-70.58,-72.50,504
-70.00,-73.23,504
-68.53,-75.00,504
-67.50,-75.96,504
-65.00,-75.42,504
-64.45,-75.00,504
-62.50,-73.30,504
-61.66,-75.00,504
-60.45,-77.50,504
-60.00,-78.15,504
-59.28,-80.00,504
-58.08,-82.50,504
-57.50,-83.38,504
-56.64,-85.00,504
-55.56,-87.50,504
-55.00,-89.61,504
-54.72,-92.50,504
-55.00,-94.65,504
-55.66,-97.50,504
-56.34,-100.00,504
-57.02,-102.50,504
-57.50,-103.96,504
-57.87,-105.00,504
-58.90,-107.50,504
-60.00,-109.90,504
-62.07,-112.50,504
-62.50,-113.12,504
-64.28,-115.00,504
-65.00,-115.73,504
-66.66,-117.50,504
-67.50,-118.54,504
-68.55,-120.00,504
-69.94,-122.50,504
-71.00,-125.00,504
-71.68,-127.50,504
-72.07,-130.00,504
-72.24,-132.50,504
-72.26,-135.00,504
-72.21,-137.50,504
-72.08,-140.00,504
-71.80,-142.50,504
-71.21,-145.00,504
-70.22,-147.50,504
-68.93,-150.00,504
-67.65,-152.50,504
-66.30,-155.00,504
-65.60,-157.50,504
-65.68,-160.00,504
-65.79,-162.50,504
-65.40,-165.00,504
-65.00,-165.95,504
-64.41,-167.50,504
-63.42,-170.00,504
-62.81,-172.50,504
-62.50,-173.96,504
-62.27,-175.00,504
-61.67,-177.50,504
-61.09,180.00,504
-60.51,177.50,504
-60.00,175.71,504
-59.80,175.00,504
-59.11,172.50,504
-58.43,170.00,504
-57.94,167.50,504
-57.70,165.00,504
-57.76,162.50,504
-58.16,160.00,504
-58.71,157.50,504
-59.09,155.00,504
-59.29,152.50,504
-59.42,150.00,504
-59.78,147.50,504
-60.00,146.81,504
-60.57,145.00,504
-61.51,142.50,504
-62.34,140.00,504
-62.86,137.50,504
-63.24,135.00,504
-63.63,132.50,504
-64.02,130.00,504
-64.42,127.50,504
-64.75,125.00,504
-64.92,122.50,504
-65.00,120.72,504
-65.00,118.89,504
-64.93,117.50,504
-64.30,115.00,504
-62.50,112.97,504
-60.00,112.58,504
-58.22,110.00,504
-57.50,108.79,504
-56.09,107.50,504
-55.00,106.99,504
-53.64,107.50,504
-52.50,107.72,504
-51.79,107.50,504
-50.00,106.90,504
-47.50,105.19,504
-45.71,102.50,504
-45.00,101.08,504
-44.61,100.00,504
-44.20,97.50,504
-44.35,95.00,504
-44.80,92.50,504
-45.00,91.63,504
-45.56,90.00,504
-46.37,87.50,504
-46.61,85.00,504
-46.58,82.50,504
-47.41,80.00,504
-48.82,77.50,504
-50.00,75.67,504
-50.60,75.00,504
-52.32,72.50,504
-52.50,72.03,504
-53.43,70.00,504
-54.06,67.50,504
-54.49,65.00,504
-54.84,62.50,504
-55.00,61.23,504
-55.22,60.00,504
-55.72,57.50,504
-56.16,55.00,504
-56.56,52.50,504
-56.96,50.00,504
-57.36,47.50,504
-57.50,46.32,504
-57.69,45.00,504
-57.93,42.50,504
-58.08,40.00,504
-58.12,37.50,504
-58.02,35.00,504
-57.81,32.50,504
-57.50,30.54,504
-56.94,27.50,504
-56.33,25.00,504
-55.63,22.50,504
-55.00,20.34,504
-54.01,17.50,504
-53.33,15.00,504
-52.86,12.50,504
-52.52,10.00,504
-52.25,7.50,504
-52.29,5.00,504
-52.50,3.72,504
-52.65,2.50,504
-53.40,0.00,504

-77.50,-7.87,504
-75.00,-9.17,504
-74.62,-10.00,504
-73.32,-12.50,504
-72.50,-13.31,504
-70.00,-12.51,504
-68.33,-10.00,504
-67.50,-8.73,504
-66.59,-7.50,504
-65.12,-5.00,504
-62.50,-3.33,504
-60.00,-3.82,504
-57.50,-3.68,504
-55.62,-2.50,504
-55.00,-2.14,504
-53.40,0.00,504

-77.50,-50.36,510
-77.02,-52.50,510
-76.36,-55.00,510
-75.61,-57.50,510
-75.03,-60.00,510
-72.86,-62.50,510
-72.50,-62.86,510
-71.69,-65.00,510
-70.00,-67.37,510
-68.43,-70.00,510
-67.50,-71.16,510
-65.00,-70.64,510
-63.56,-70.00,510
-62.50,-69.71,510
-62.09,-70.00,510
-60.00,-72.11,510
-59.13,-75.00,510
-58.17,-77.50,510
-57.50,-79.06,510
-57.11,-80.00,510
-55.89,-82.50,510
-55.00,-84.34,510
-54.69,-85.00,510
-53.64,-87.50,510
-53.04,-90.00,510
-52.83,-92.50,510
-53.09,-95.00,510
-53.75,-97.50,510
-54.63,-100.00,510
-55.00,-101.13,510
-55.37,-102.50,510
-56.06,-105.00,510
-56.87,-107.50,510
-57.50,-109.28,510
-57.79,-110.00,510
-58.93,-112.50,510
-60.00,-114.19,510
-60.60,-115.00,510
-62.50,-117.50,510
-64.64,-120.00,510
-65.00,-120.54,510
-66.25,-122.50,510
-67.35,-125.00,510
-68.22,-127.50,510
-68.83,-130.00,510
-69.17,-132.50,510
-69.34,-135.00,510
-69.39,-137.50,510
-69.23,-140.00,510
-68.72,-142.50,510
-67.76,-145.00,510
-66.61,-147.50,510
-65.26,-150.00,510
-63.31,-152.50,510
-62.50,-154.81,510
-62.12,-157.50,510
-62.50,-159.40,510
-63.18,-162.50,510
-62.97,-165.00,510
-62.50,-166.58,510
-62.23,-167.50,510
-61.36,-170.00,510
-60.77,-172.50,510
-60.43,-175.00,510
-60.07,-177.50,510
-59.60,180.00,510
-59.04,177.50,510
-58.44,175.00,510
-57.85,172.50,510
-57.50,171.12,510
-57.25,170.00,510
-56.87,167.50,510
-56.71,165.00,510
-56.75,162.50,510
-56.94,160.00,510
-57.15,157.50,510
-57.28,155.00,510
-57.27,152.50,510
-57.13,150.00,510
-57.03,147.50,510
-57.06,145.00,510
-57.37,142.50,510
-57.50,141.92,510
-58.54,140.00,510
-59.70,137.50,510
-60.00,136.41,510
-60.31,135.00,510
-60.86,132.50,510
-61.45,130.00,510
-61.89,127.50,510
-62.14,125.00,510
-62.12,122.50,510
-61.56,120.00,510
-60.00,117.81,510
-58.22,115.00,510
-57.50,113.98,510
-56.22,112.50,510
-55.00,111.27,510
-52.60,110.00,510
-50.00,108.97,510
-47.50,107.55,510
-45.23,105.00,510
-45.00,104.61,510
-44.17,102.50,510
-43.37,100.00,510
-43.03,97.50,510
-43.07,95.00,510
-43.38,92.50,510
-43.92,90.00,510
-44.43,87.50,510
-44.72,85.00,510
-44.92,82.50,510
-45.98,80.00,510
-47.16,77.50,510
-47.50,76.83,510
-48.77,75.00,510
-50.00,72.80,510
-51.57,70.00,510
-52.42,67.50,510
-53.13,65.00,510
-53.62,62.50,510
-54.02,60.00,510
-54.43,57.50,510
-54.85,55.00,510
-55.00,54.08,510
-55.31,52.50,510
-55.74,50.00,510
-56.13,47.50,510
-56.44,45.00,510
-56.65,42.50,510
-56.75,40.00,510
-56.76,37.50,510
-56.66,35.00,510
-56.45,32.50,510
-56.07,30.00,510
-55.52,27.50,510
-55.00,25.57,510
-54.84,25.00,510
-54.01,22.50,510
-53.00,20.00,510
-52.50,18.47,510
-52.09,17.50,510
-51.18,15.00,510
-50.72,12.50,510
-50.57,10.00,510
-50.47,7.50,510
-50.38,5.00,510
-50.28,2.50,510
-50.41,0.00,510

-77.50,-22.76,510
-76.45,-20.00,510
-75.00,-18.42,510
-72.50,-17.82,510
-72.17,-17.50,510
-70.00,-15.76,510
-69.30,-15.00,510
-67.50,-12.78,510
-67.15,-12.50,510
-65.00,-10.32,510
-64.32,-10.00,510
-62.50,-8.78,510
-60.00,-8.29,510
-58.21,-7.50,510
-57.50,-7.28,510
-55.00,-5.56,510
-54.33,-5.00,510
-52.50,-3.17,510
-51.86,-2.50,510
-50.41,0.00,510

-46.13,0.00,516
-46.67,-2.50,516
-47.18,-5.00,516
-47.50,-5.88,516
-48.46,-7.50,516
-50.00,-9.93,516
-52.50,-12.25,516
-55.00,-14.03,516
-56.28,-15.00,516
-57.50,-15.73,516
-60.00,-16.41,516
-62.50,-15.17,516
-63.30,-15.00,516
-65.00,-14.68,516
-65.42,-15.00,516
-67.50,-16.40,516
-68.50,-17.50,516
-70.00,-19.16,516
-70.88,-20.00,516
-72.50,-22.24,516
-73.89,-25.00,516
-74.43,-27.50,516
-74.70,-30.00,516
-74.80,-32.50,516
-74.81,-35.00,516
-74.82,-37.50,516
-74.76,-40.00,516
-74.54,-42.50,516
-74.22,-45.00,516
-73.68,-47.50,516
-72.79,-50.00,516
-72.50,-50.73,516
-71.95,-52.50,516
-71.11,-55.00,516
-70.03,-57.50,516
-69.20,-60.00,516
-68.15,-62.50,516
-67.50,-64.22,516
-66.92,-65.00,516
-65.00,-66.19,516
-62.50,-67.06,516
-62.09,-67.50,516
-60.00,-69.09,516
-59.46,-70.00,516
-58.39,-72.50,516
-57.50,-74.58,516
-56.41,-77.50,516
-55.12,-80.00,516
-53.97,-82.50,516
-52.62,-85.00,516
-51.56,-87.50,516
-50.75,-90.00,516
-50.58,-92.50,516
-50.88,-95.00,516
-51.61,-97.50,516
-52.50,-99.59,516
-53.38,-102.50,516
-54.11,-105.00,516
-54.86,-107.50,516
-55.68,-110.00,516
-56.58,-112.50,516
-57.50,-114.82,516
-59.22,-117.50,516
-60.00,-118.67,516
-61.01,-120.00,516
-62.50,-122.12,516
-64.22,-125.00,516
-65.00,-126.59,516
-65.39,-127.50,516
-66.16,-130.00,516
-66.53,-132.50,516
-66.68,-135.00,516
-66.65,-137.50,516
-66.30,-140.00,516
-65.58,-142.50,516
-65.00,-143.91,516
-64.46,-145.00,516
-62.50,-147.10,516
-61.69,-147.50,516
-60.00,-148.41,516
-59.21,-150.00,516
-58.98,-152.50,516
-58.99,-155.00,516
-58.99,-157.50,516
-59.24,-160.00,516
-59.95,-162.50,516
-60.13,-165.00,516
-60.00,-165.98,516
-59.80,-167.50,516
-59.04,-170.00,516
-58.45,-172.50,516
-58.30,-175.00,516
-58.16,-177.50,516
-57.91,180.00,516
-57.53,177.50,516
-57.06,175.00,516
-56.59,172.50,516
-56.13,170.00,516
-55.86,167.50,516
-55.76,165.00,516
-55.83,162.50,516
-55.98,160.00,516
-56.12,157.50,516
-56.18,155.00,516
-56.17,152.50,516
-56.02,150.00,516
-55.85,147.50,516
-55.62,145.00,516
-55.47,142.50,516
-55.80,140.00,516
-56.63,137.50,516
-57.40,135.00,516
-58.42,132.50,516
-59.18,130.00,516
-59.69,127.50,516
-59.83,125.00,516
-59.49,122.50,516
-58.55,120.00,516
-57.50,118.21,516
-57.08,117.50,516
-55.21,115.00,516
-52.70,112.50,516
-50.00,110.88,516
-49.01,110.00,516
-47.50,108.97,516
-45.69,107.50,516
-45.00,106.73,516
-43.73,105.00,516
-42.75,102.50,516
-42.50,101.58,516
-42.19,100.00,516
-41.94,97.50,516
-41.95,95.00,516
-42.10,92.50,516
-42.46,90.00,516
-42.81,87.50,516
-43.22,85.00,516
-43.81,82.50,516
-44.70,80.00,516
-45.00,79.31,516
-45.98,77.50,516
-47.28,75.00,516
-47.50,74.60,516
-48.86,72.50,516
-50.00,70.16,516
-51.15,67.50,516
-51.87,65.00,516
-52.41,62.50,516
-52.89,60.00,516
-53.34,57.50,516
-53.79,55.00,516
-54.23,52.50,516
-54.61,50.00,516
-54.91,47.50,516
-55.00,46.72,516
-55.24,45.00,516
-55.45,42.50,516
-55.56,40.00,516
-55.56,37.50,516
-55.42,35.00,516
-55.16,32.50,516
-55.00,31.58,516
-54.73,30.00,516
-54.14,27.50,516
-53.36,25.00,516
-52.50,22.91,516
-51.22,20.00,516
-50.00,17.96,516
-49.65,17.50,516
-47.50,15.14,516
-47.15,12.50,516
-47.14,10.00,516
-47.50,7.86,516
-47.50,6.64,516
-47.42,5.00,516
-46.50,2.50,516
-46.13,0.00,516

-43.74,0.00,522
-43.91,-2.50,522
-43.73,-5.00,522
-43.55,-7.50,522
-43.87,-10.00,522
-45.00,-11.62,522
-46.34,-12.50,522
-47.50,-13.10,522
-49.90,-15.00,522
-52.50,-16.03,522
-54.79,-17.50,522
-57.50,-19.57,522
-58.70,-20.00,522
-60.00,-20.50,522
-61.61,-20.00,522
-62.50,-19.72,522
-65.00,-19.16,522
-66.33,-20.00,522
-67.50,-20.84,522
-68.73,-22.50,522
-70.00,-24.83,522
-70.78,-27.50,522
-71.16,-30.00,522
-71.34,-32.50,522
-71.34,-35.00,522
-71.18,-37.50,522
-70.83,-40.00,522
-70.38,-42.50,522
-70.00,-43.89,522
-69.60,-45.00,522
-68.82,-47.50,522
-67.96,-50.00,522
-67.50,-50.99,522
-67.00,-52.50,522
-65.83,-55.00,522
-65.00,-56.84,522
-64.14,-60.00,522
-63.43,-62.50,522
-62.50,-63.75,522
-61.84,-65.00,522
-60.00,-66.94,522
-59.65,-67.50,522
-58.23,-70.00,522
-57.50,-71.50,522
-56.99,-72.50,522
-55.99,-75.00,522
-55.00,-77.13,522
-53.62,-80.00,522
-52.50,-82.05,522
-52.22,-82.50,522
-50.88,-85.00,522
-50.00,-86.59,522
-49.41,-87.50,522
-48.06,-90.00,522
-47.50,-92.18,522
-47.50,-93.07,522
-47.85,-95.00,522
-48.79,-97.50,522
-50.00,-100.00,522
-51.02,-102.50,522
-51.91,-105.00,522
-52.50,-106.65,522
-52.76,-107.50,522
-53.60,-110.00,522
-54.50,-112.50,522
-55.00,-113.72,522
-55.52,-115.00,522
-56.60,-117.50,522
-57.50,-119.53,522
-57.81,-120.00,522
-59.47,-122.50,522
-60.00,-123.32,522
-61.16,-125.00,522
-62.50,-127.27,522
-63.55,-130.00,522
-64.01,-132.50,522
-64.21,-135.00,522
-64.13,-137.50,522
-63.60,-140.00,522
-62.66,-142.50,522
-60.76,-145.00,522
-60.00,-145.51,522
-58.30,-147.50,522
-57.50,-149.16,522
-57.12,-150.00,522
-56.67,-152.50,522
-56.43,-155.00,522
-56.39,-157.50,522
-56.35,-160.00,522
-56.72,-162.50,522
-57.00,-165.00,522
-56.94,-167.50,522
-56.39,-170.00,522
-55.91,-172.50,522
-55.90,-175.00,522
-56.04,-177.50,522
-56.00,180.00,522
-55.84,177.50,522
-55.65,175.00,522
-55.35,172.50,522
-55.01,170.00,522
-54.75,167.50,522
-54.73,165.00,522
-54.86,162.50,522
-55.00,160.57,522
-55.09,157.50,522
-55.09,155.00,522
-55.08,152.50,522
-55.00,151.38,522
-54.87,150.00,522
-54.62,147.50,522
-54.31,145.00,522
-54.15,142.50,522
-54.25,140.00,522
-54.69,137.50,522
-55.00,136.47,522
-55.58,135.00,522
-56.45,132.50,522
-57.21,130.00,522
-57.50,128.48,522
-57.68,127.50,522
-57.68,125.00,522
-57.50,124.07,522
-57.12,122.50,522
-56.00,120.00,522
-55.00,118.32,522
-54.52,117.50,522
-52.50,115.04,522
-50.00,112.79,522
-49.71,112.50,522
-47.50,110.55,522
-46.99,110.00,522
-45.00,108.40,522
-44.26,107.50,522
-42.50,105.21,522
-41.57,102.50,522
-41.17,100.00,522
-40.93,97.50,522
-40.98,95.00,522
-41.05,92.50,522
-41.24,90.00,522
-41.59,87.50,522
-42.00,85.00,522
-42.50,83.15,522
-42.70,82.50,522
-43.73,80.00,522
-44.84,77.50,522
-46.23,75.00,522
-47.50,72.65,522
-48.90,70.00,522
-49.89,67.50,522
-50.71,65.00,522
-51.33,62.50,522
-51.83,60.00,522
-52.27,57.50,522
-52.50,56.25,522
-52.74,55.00,522
-53.21,52.50,522
-53.62,50.00,522
-53.93,47.50,522
-54.19,45.00,522
-54.35,42.50,522
-54.42,40.00,522
-54.38,37.50,522
-54.20,35.00,522
-53.89,32.50,522
-53.43,30.00,522
-52.80,27.50,522
-52.50,26.63,522
-51.82,25.00,522
-50.77,22.50,522
-50.00,20.95,522
-49.43,20.00,522
-47.50,17.54,522
-45.09,15.00,522
-44.06,12.50,522
-43.82,10.00,522
-44.19,7.50,522
-44.50,5.00,522
-43.99,2.50,522
-43.74,0.00,522

-41.34,0.00,528
-41.27,-2.50,528
-41.37,-5.00,528
-41.36,-7.50,528
-41.49,-10.00,528
-42.05,-12.50,528
-42.50,-13.30,528
-44.99,-15.00,528
-47.50,-16.20,528
-49.92,-17.50,528
-52.50,-19.23,528
-53.45,-20.00,528
-55.00,-21.52,528
-56.11,-22.50,528
-57.50,-23.88,528
-59.82,-25.00,528
-60.56,-25.00,528
-62.50,-24.63,528
-65.00,-25.00,528
-66.86,-27.50,528
-67.50,-29.18,528
-67.68,-30.00,528
-67.60,-32.50,528
-66.64,-35.00,528
-65.86,-37.50,528
-65.55,-40.00,528
-65.40,-42.50,528
-65.28,-45.00,528
-65.00,-47.09,528
-64.54,-50.00,528
-63.92,-52.50,528
-63.16,-55.00,528
-62.50,-56.86,528
-62.30,-57.50,528
-61.65,-60.00,528
-60.95,-62.50,528
-60.00,-64.28,528
-59.65,-65.00,528
-58.20,-67.50,528
-57.50,-68.85,528
-56.85,-70.00,528
-55.70,-72.50,528
-55.00,-74.17,528
-54.54,-75.00,528
-53.30,-77.50,528
-52.50,-79.21,528
-52.04,-80.00,528
-50.59,-82.50,528
-50.00,-83.56,528
-49.01,-85.00,528
-47.50,-87.35,528
-45.35,-90.00,528
-45.00,-90.63,528
-43.30,-92.50,528
-43.35,-95.00,528
-44.53,-97.50,528
-45.00,-97.97,528
-46.47,-100.00,528
-47.50,-101.39,528
-48.11,-102.50,528
-49.38,-105.00,528
-50.00,-106.31,528
-50.45,-107.50,528
-51.46,-110.00,528
-52.46,-112.50,528
-53.39,-115.00,528
-54.48,-117.50,528
-55.00,-118.56,528
-55.62,-120.00,528
-56.79,-122.50,528
-57.50,-123.72,528
-58.37,-125.00,528
-59.87,-127.50,528
-60.92,-130.00,528
-61.53,-132.50,528
-61.77,-135.00,528
-61.55,-137.50,528
-61.01,-140.00,528
-60.00,-142.50,528
-58.22,-145.00,528
-57.50,-145.84,528
-56.30,-147.50,528
-55.07,-150.00,528
-54.31,-152.50,528
-53.94,-155.00,528
-53.89,-157.50,528
-53.78,-160.00,528
-53.90,-162.50,528
-54.15,-165.00,528
-54.28,-167.50,528
-54.02,-170.00,528
-53.71,-172.50,528
-53.73,-175.00,528
-54.01,-177.50,528
-54.18,180.00,528
-54.22,177.50,528
-54.14,175.00,528
-53.85,172.50,528
-53.45,170.00,528
-53.19,167.50,528
-53.35,165.00,528
-53.51,162.50,528
-53.66,160.00,528
-53.71,157.50,528
-53.68,155.00,528
-53.62,152.50,528
-53.45,150.00,528
-53.27,147.50,528
-53.10,145.00,528
-53.03,142.50,528
-53.06,140.00,528
-53.30,137.50,528
-53.82,135.00,528
-54.59,132.50,528
-55.00,130.97,528
-55.23,130.00,528
-55.48,127.50,528
-55.26,125.00,528
-55.00,124.10,528
-54.50,122.50,528
-53.50,120.00,528
-52.50,118.31,528
-52.03,117.50,528
-50.00,115.08,528
-47.50,112.56,528
-45.13,110.00,528
-43.04,107.50,528
-42.50,106.80,528
-41.43,105.00,528
-40.43,102.50,528
-40.15,100.00,528
-40.00,98.44,528
-39.92,97.50,528
-40.00,95.04,528
-40.00,93.98,528
-40.00,92.50,528
-40.00,92.04,528
-40.01,90.00,528
-40.45,87.50,528
-41.04,85.00,528
-41.78,82.50,528
-42.50,80.64,528
-42.77,80.00,528
-43.89,77.50,528
-45.00,75.31,528
-46.48,72.50,528
-47.50,70.42,528
-47.72,70.00,528
-48.73,67.50,528
-49.56,65.00,528
-50.00,63.43,528
-50.25,62.50,528
-50.81,60.00,528
-51.27,57.50,528
-51.72,55.00,528
-52.17,52.50,528
-52.50,50.71,528
-52.62,50.00,528
-52.95,47.50,528
-53.17,45.00,528
-53.29,42.50,528
-53.31,40.00,528
-53.23,37.50,528
-52.99,35.00,528
-52.62,32.50,528
-52.50,31.90,528
-52.03,30.00,528
-51.16,27.50,528
-50.19,25.00,528
-50.00,24.53,528
-49.00,22.50,528
-47.57,20.00,528
-45.56,17.50,528
-45.00,16.91,528
-43.42,15.00,528
-42.50,13.19,528
-42.13,12.50,528
-41.69,10.00,528
-41.82,7.50,528
-41.94,5.00,528
-41.68,2.50,528
-41.34,0.00,528

75.08,5.00,528
74.66,5.00,528
75.00,4.70,528
75.08,5.00,528

-39.03,0.00,534
-38.82,-2.50,534
-38.87,-5.00,534
-39.14,-7.50,534
-39.60,-10.00,534
-40.00,-11.40,534
-40.24,-12.50,534
-41.45,-15.00,534
-42.50,-16.37,534
-44.48,-17.50,534
-45.00,-17.79,534
-47.50,-19.03,534
-49.15,-20.00,534
-50.00,-20.67,534
-51.66,-22.50,534
-52.50,-23.51,534
-53.80,-25.00,534
-55.00,-26.49,534
-55.98,-27.50,534
-57.50,-29.39,534
-58.07,-30.00,534
-59.70,-32.50,534
-60.00,-33.23,534
-60.83,-35.00,534
-61.59,-37.50,534
-62.09,-40.00,534
-62.45,-42.50,534
-62.50,-43.34,534
-62.60,-45.00,534
-62.52,-47.50,534
-62.17,-50.00,534
-61.57,-52.50,534
-60.92,-55.00,534
-60.25,-57.50,534
-60.00,-58.34,534
-59.29,-60.00,534
-58.43,-62.50,534
-57.61,-65.00,534
-56.25,-67.50,534
-55.27,-70.00,534
-55.00,-70.68,534
-53.97,-72.50,534
-52.82,-75.00,534
-52.50,-75.70,534
-51.43,-77.50,534
-50.14,-80.00,534
-48.47,-82.50,534
-47.50,-84.02,534
-46.75,-85.00,534
-45.00,-87.30,534
-42.50,-89.65,534
-42.07,-90.00,534
-40.00,-91.73,534
-38.87,-92.50,534
-38.58,-95.00,534
-38.53,-97.50,534
-40.00,-99.28,534
-40.85,-100.00,534
-42.50,-100.92,534
-44.34,-102.50,534
-45.00,-103.12,534
-46.33,-105.00,534
-47.50,-106.86,534
-47.84,-107.50,534
-49.12,-110.00,534
-50.00,-111.88,534
-50.25,-112.50,534
-51.17,-115.00,534
-52.10,-117.50,534
-52.50,-118.50,534
-53.18,-120.00,534
-54.48,-122.50,534
-55.00,-123.46,534
-55.85,-125.00,534
-57.24,-127.50,534
-57.50,-128.09,534
-58.33,-130.00,534
-58.97,-132.50,534
-59.14,-135.00,534
-58.99,-137.50,534
-58.61,-140.00,534
-57.67,-142.50,534
-56.07,-145.00,534
-55.00,-146.54,534
-54.31,-147.50,534
-52.56,-150.00,534
-51.30,-152.50,534
-51.23,-155.00,534
-51.43,-157.50,534
-51.50,-160.00,534
-51.64,-162.50,534
-51.89,-165.00,534
-52.07,-167.50,534
-52.07,-170.00,534
-51.96,-172.50,534
-52.01,-175.00,534
-52.24,-177.50,534
-52.50,-179.87,534
-52.66,177.50,534
-52.55,175.00,534
-52.23,172.50,534
-51.81,170.00,534
-51.39,167.50,534
-51.48,165.00,534
-51.83,162.50,534
-52.11,160.00,534
-52.19,157.50,534
-52.14,155.00,534
-52.01,152.50,534
-51.83,150.00,534
-51.61,147.50,534
-51.39,145.00,534
-51.25,142.50,534
-51.23,140.00,534
-51.36,137.50,534
-51.72,135.00,534
-52.22,132.50,534
-52.50,130.89,534
-52.60,130.00,534
-52.74,127.50,534
-52.60,125.00,534
-51.88,122.50,534
-50.95,120.00,534
-50.00,118.30,534
-49.62,117.50,534
-47.78,115.00,534
-47.50,114.72,534
-45.70,112.50,534
-45.00,111.75,534
-43.73,110.00,534
-42.50,108.46,534
-41.91,107.50,534
-40.48,105.00,534
-40.00,103.87,534
-39.51,102.50,534
-39.25,100.00,534
-39.04,97.50,534
-39.06,95.00,534
-39.10,92.50,534
-39.17,90.00,534
-39.50,87.50,534
-40.00,85.31,534
-40.91,82.50,534
-41.84,80.00,534
-42.50,78.48,534
-42.94,77.50,534
-44.11,75.00,534
-45.00,73.21,534
-45.37,72.50,534
-46.53,70.00,534
-47.50,67.68,534
-48.41,65.00,534
-49.10,62.50,534
-49.76,60.00,534
-50.00,58.93,534
-50.27,57.50,534
-50.71,55.00,534
-51.12,52.50,534
-51.50,50.00,534
-51.83,47.50,534
-52.06,45.00,534
-52.15,42.50,534
-52.12,40.00,534
-51.95,37.50,534
-51.59,35.00,534
-51.06,32.50,534
-50.37,30.00,534
-50.00,28.99,534
-49.42,27.50,534
-48.35,25.00,534
-47.50,23.36,534
-47.03,22.50,534
-45.47,20.00,534
-45.00,19.40,534
-43.68,17.50,534
-42.50,16.03,534
-41.83,15.00,534
-40.38,12.50,534
-40.00,10.72,534
-39.84,10.00,534
-39.71,7.50,534
-39.67,5.00,534
-39.41,2.50,534
-39.03,0.00,534

67.88,0.00,534
68.12,-2.50,534
68.73,-5.00,534
69.54,-7.50,534
70.00,-8.76,534
70.65,-10.00,534
72.01,-12.50,534
72.50,-13.46,534
73.33,-15.00,534
74.56,-17.50,534
75.00,-18.53,534
76.72,-20.00,534
77.50,-20.75,534

77.50,21.01,534
77.11,20.00,534
75.81,17.50,534
75.00,16.57,534
74.20,15.00,534
72.73,12.50,534
71.28,10.00,534
70.16,7.50,534
68.83,5.00,534
68.17,2.50,534
67.88,0.00,534

-39.97,135.00,534
-39.97,135.00,534

-42.20,130.00,534
-41.52,132.50,534
-42.50,133.49,534
-43.22,132.50,534
-43.45,130.00,534
-42.50,129.63,534
-42.20,130.00,534

-36.76,0.00,540
-36.53,-2.50,540
-36.48,-5.00,540
-36.68,-7.50,540
-37.22,-10.00,540
-37.50,-10.77,540
-38.08,-12.50,540
-39.27,-15.00,540
-40.00,-16.24,540
-40.91,-17.50,540
-42.50,-19.16,540
-43.92,-20.00,540
-45.00,-20.68,540
-47.50,-22.32,540
-50.00,-24.33,540
-50.57,-25.00,540
-52.50,-27.13,540
-52.81,-27.50,540
-54.72,-30.00,540
-55.00,-30.42,540
-56.39,-32.50,540
-57.50,-34.68,540
-58.64,-37.50,540
-59.29,-40.00,540
-59.64,-42.50,540
-59.73,-45.00,540
-59.58,-47.50,540
-59.21,-50.00,540
-58.70,-52.50,540
-58.09,-55.00,540
-57.50,-56.75,540
-57.19,-57.50,540
-55.65,-60.00,540
-55.00,-61.26,540
-54.40,-62.50,540
-53.06,-65.00,540
-52.50,-66.71,540
-52.19,-67.50,540
-51.17,-70.00,540
-50.30,-72.50,540
-50.00,-74.75,540
-48.55,-77.50,540
-47.50,-79.32,540
-47.10,-80.00,540
-45.43,-82.50,540
-45.00,-83.11,540
-43.49,-85.00,540
-42.50,-86.12,540
-41.24,-87.50,540
-40.00,-88.48,540
-38.10,-90.00,540
-37.50,-90.43,540
-35.21,-92.50,540
-35.00,-93.17,540
-34.66,-95.00,540
-34.80,-97.50,540
-35.00,-98.06,540
-36.23,-100.00,540
-37.50,-101.36,540
-39.17,-102.50,540
-40.00,-103.01,540
-42.50,-104.77,540
-45.00,-107.38,540
-46.50,-110.00,540
-47.50,-111.87,540
-47.80,-112.50,540
-48.80,-115.00,540
-49.83,-117.50,540
-50.85,-120.00,540
-52.09,-122.50,540
-52.50,-123.23,540
-53.47,-125.00,540
-54.73,-127.50,540
-55.00,-128.22,540
-55.72,-130.00,540
-56.30,-132.50,540
-56.57,-135.00,540
-56.60,-137.50,540
-56.20,-140.00,540
-55.28,-142.50,540
-55.00,-142.99,540
-53.76,-145.00,540
-52.50,-146.87,540
-52.05,-147.50,540
-50.05,-150.00,540
-48.50,-152.50,540
-48.49,-155.00,540
-48.91,-157.50,540
-49.23,-160.00,540
-49.63,-162.50,540
-50.00,-164.86,540
-50.32,-167.50,540
-50.49,-170.00,540
-50.59,-172.50,540
-50.70,-175.00,540
-50.86,-177.50,540
-51.00,180.00,540
-51.01,177.50,540
-50.85,175.00,540
-50.51,172.50,540
-50.07,170.00,540
-49.54,167.50,540
-49.31,165.00,540
-49.36,162.50,540
-49.62,160.00,540
-50.00,157.53,540
-50.09,155.00,540
-50.01,152.50,540
-49.56,150.00,540
-48.61,147.50,540
-47.50,145.31,540
-45.17,145.00,540
-43.55,142.50,540
-42.50,140.26,540
-40.00,139.46,540
-38.11,137.50,540
-38.23,135.00,540
-39.05,132.50,540
-40.00,130.61,540
-40.42,130.00,540
-42.48,127.50,540
-45.00,126.15,540
-47.50,125.69,540
-48.08,125.00,540
-48.81,122.50,540
-48.33,120.00,540
-47.50,117.97,540
-47.33,117.50,540
-45.82,115.00,540
-45.00,113.97,540
-44.03,112.50,540
-42.50,110.25,540
-40.85,107.50,540
-40.00,105.95,540
-39.54,105.00,540
-38.71,102.50,540
-38.36,100.00,540
-38.17,97.50,540
-38.12,95.00,540
-38.19,92.50,540
-38.34,90.00,540
-38.67,87.50,540
-39.20,85.00,540
-40.00,82.61,540
-40.92,80.00,540
-41.92,77.50,540
-42.50,76.22,540
-43.05,75.00,540
-44.18,72.50,540
-45.00,70.73,540
-45.33,70.00,540
-46.30,67.50,540
-47.23,65.00,540
-47.50,64.13,540
-47.94,62.50,540
-48.55,60.00,540
-49.09,57.50,540
-49.62,55.00,540
-50.00,52.91,540
-50.36,50.00,540
-50.61,47.50,540
-50.76,45.00,540
-50.79,42.50,540
-50.69,40.00,540
-50.45,37.50,540
-50.05,35.00,540
-49.42,32.50,540
-48.62,30.00,540
-47.64,27.50,540
-46.42,25.00,540
-45.07,22.50,540
-43.42,20.00,540
-42.50,18.62,540
-41.83,17.50,540
-40.30,15.00,540
-40.00,14.50,540
-38.80,12.50,540
-37.99,10.00,540
-37.62,7.50,540
-37.50,5.86,540
-37.43,5.00,540
-37.11,2.50,540
-36.76,0.00,540

63.26,0.00,540
63.82,-2.50,540
64.47,-5.00,540
65.00,-7.29,540
65.89,-10.00,540
66.72,-12.50,540
67.36,-15.00,540
68.15,-17.50,540
68.75,-20.00,540
69.24,-22.50,540
69.48,-25.00,540
69.75,-27.50,540
69.91,-30.00,540
70.00,-31.29,540
70.17,-32.50,540
70.43,-35.00,540
70.65,-37.50,540
70.80,-40.00,540
71.20,-42.50,540
71.99,-45.00,540
72.50,-46.75,540
74.55,-47.50,540
75.00,-47.59,540
77.50,-45.13,540

77.50,-135.86,540
77.09,-137.50,540
76.57,-140.00,540
76.20,-142.50,540
75.97,-145.00,540
75.89,-147.50,540
75.99,-150.00,540
76.27,-152.50,540
76.69,-155.00,540
77.25,-157.50,540
77.50,-158.43,540

77.50,28.42,540
77.16,27.50,540
76.23,25.00,540
75.16,22.50,540
73.85,20.00,540
72.62,17.50,540
70.95,15.00,540
70.00,13.40,540
69.18,12.50,540
67.50,10.77,540
65.34,12.50,540
65.00,12.84,540
62.83,12.50,540
62.50,12.37,540
61.91,10.00,540
61.77,7.50,540
62.50,5.26,540
63.12,2.50,540
63.26,0.00,540

-34.53,0.00,546
-34.33,-2.50,546
-34.27,-5.00,546
-34.41,-7.50,546
-34.88,-10.00,546
-35.87,-12.50,546
-37.14,-15.00,546
-37.50,-15.63,546
-38.57,-17.50,546
-40.00,-19.42,546
-40.56,-20.00,546
-42.50,-21.74,546
-43.63,-22.50,546
-45.00,-23.46,546
-47.09,-25.00,546
-47.50,-25.34,546
-50.00,-27.45,546
-51.95,-30.00,546
-52.50,-30.85,546
-53.59,-32.50,546
-54.94,-35.00,546
-55.85,-37.50,546
-56.44,-40.00,546
-56.69,-42.50,546
-56.68,-45.00,546
-56.55,-47.50,546
-56.32,-50.00,546
-55.81,-52.50,546
-55.00,-54.69,546
-53.61,-57.50,546
-52.50,-59.49,546
-52.15,-60.00,546
-50.08,-62.50,546
-48.02,-65.00,546
-47.50,-65.70,546
-45.87,-67.50,546
-45.00,-68.23,546
-43.62,-70.00,546
-42.59,-72.50,546
-43.21,-75.00,546
-43.36,-77.50,546
-42.53,-80.00,546
-40.53,-82.50,546
-40.00,-83.12,546
-38.69,-85.00,546
-37.50,-86.71,546
-37.11,-87.50,546
-35.19,-90.00,546
-33.42,-92.50,546
-32.78,-95.00,546
-33.04,-97.50,546
-33.98,-100.00,546
-35.00,-101.69,546
-35.77,-102.50,546
-37.50,-104.21,546
-38.67,-105.00,546
-40.00,-106.20,546
-41.47,-107.50,546
-42.50,-108.78,546
-43.38,-110.00,546
-44.74,-112.50,546
-45.00,-113.18,546
-45.68,-115.00,546
-46.81,-117.50,546
-47.50,-118.44,546
-48.16,-120.00,546
-49.53,-122.50,546
-50.00,-123.19,546
-50.93,-125.00,546
-52.16,-127.50,546
-52.50,-128.37,546
-53.07,-130.00,546
-53.60,-132.50,546
-53.91,-135.00,546
-53.84,-137.50,546
-53.21,-140.00,546
-52.50,-141.73,546
-52.10,-142.50,546
-50.66,-145.00,546
-50.00,-146.06,546
-49.04,-147.50,546
-47.53,-150.00,546
-45.95,-152.50,546
-45.66,-155.00,546
-45.99,-157.50,546
-46.60,-160.00,546
-47.36,-162.50,546
-47.50,-163.01,546
-47.89,-165.00,546
-48.36,-167.50,546
-48.74,-170.00,546
-49.02,-172.50,546
-49.22,-175.00,546
-49.35,-177.50,546
-49.38,180.00,546
-49.29,177.50,546
-49.08,175.00,546
-48.76,172.50,546
-48.46,170.00,546
-48.01,167.50,546
-47.72,165.00,546
-47.50,163.21,546
-47.39,162.50,546
-47.17,160.00,546
-47.04,157.50,546
-46.75,155.00,546
-45.75,152.50,546
-45.00,151.56,546
-43.68,150.00,546
-42.50,148.84,546
-41.35,147.50,546
-40.00,145.21,546
-39.06,142.50,546
-37.54,140.00,546
-36.61,137.50,546
-36.86,135.00,546
-37.50,133.16,546
-37.77,132.50,546
-38.92,130.00,546
-40.00,128.28,546
-40.64,127.50,546
-42.50,125.29,546
-42.98,125.00,546
-44.99,122.50,546
-45.52,120.00,546
-45.00,117.73,546
-43.80,115.00,546
-42.50,112.68,546
-40.99,110.00,546
-40.00,108.04,546
-39.74,107.50,546
-38.61,105.00,546
-37.92,102.50,546
-37.50,100.11,546
-37.25,97.50,546
-37.14,95.00,546
-37.25,92.50,546
-37.50,90.00,546
-37.85,87.50,546
-38.33,85.00,546
-39.02,82.50,546
-40.00,80.00,546
-40.85,77.50,546
-41.87,75.00,546
-42.50,73.59,546
-42.96,72.50,546
-44.00,70.00,546
-45.00,67.53,546
-45.88,65.00,546
-46.65,62.50,546
-47.31,60.00,546
-47.50,59.18,546
-47.84,57.50,546
-48.31,55.00,546
-48.71,52.50,546
-49.03,50.00,546
-49.25,47.50,546
-49.36,45.00,546
-49.33,42.50,546
-49.16,40.00,546
-48.83,37.50,546
-48.34,35.00,546
-47.67,32.50,546
-47.50,31.98,546
-46.75,30.00,546
-45.65,27.50,546
-45.00,26.17,546
-44.40,25.00,546
-42.97,22.50,546
-42.50,21.77,546
-41.47,20.00,546
-40.02,17.50,546
-38.63,15.00,546
-37.50,12.97,546
-37.28,12.50,546
-36.40,10.00,546
-35.78,7.50,546
-35.23,5.00,546
-35.00,3.78,546
-34.82,2.50,546
-34.53,0.00,546

60.21,0.00,546
60.76,-2.50,546
61.32,-5.00,546
62.08,-7.50,546
62.50,-8.55,546
62.88,-10.00,546
63.45,-12.50,546
63.98,-15.00,546
64.60,-17.50,546
65.00,-19.01,546
65.21,-20.00,546
65.58,-22.50,546
65.82,-25.00,546
66.05,-27.50,546
66.19,-30.00,546
66.35,-32.50,546
66.26,-35.00,546
66.29,-37.50,546
66.09,-40.00,546
65.72,-42.50,546
65.26,-45.00,546
65.21,-47.50,546
65.02,-50.00,546
65.64,-52.50,546
66.50,-55.00,546
67.50,-56.82,546
67.82,-57.50,546
70.00,-59.99,546
72.50,-61.25,546
75.00,-61.79,546
77.19,-62.50,546
77.50,-62.61,546

77.50,-121.31,546
77.29,-122.50,546
76.73,-125.00,546
76.12,-127.50,546
75.50,-130.00,546
75.00,-131.98,546
74.29,-135.00,546
73.71,-137.50,546
73.24,-140.00,546
72.96,-142.50,546
72.81,-145.00,546
72.73,-147.50,546
72.75,-150.00,546
72.90,-152.50,546
73.15,-155.00,546
73.41,-157.50,546
73.63,-160.00,546
73.84,-162.50,546
74.07,-165.00,546
74.42,-167.50,546
75.00,-169.79,546
75.98,-172.50,546
77.50,-174.82,546

77.50,35.24,546
76.49,32.50,546
75.60,30.00,546
75.00,28.36,546
74.56,27.50,546
73.28,25.00,546
72.50,23.46,546
71.83,22.50,546
70.21,20.00,546
68.25,17.50,546
67.50,16.68,546
66.18,17.50,546
65.00,18.01,546
62.50,18.36,546
61.46,17.50,546
60.03,15.00,546
58.90,12.50,546
58.30,10.00,546
58.17,7.50,546
58.74,5.00,546
59.44,2.50,546
60.00,0.74,546
60.21,0.00,546

62.76,-57.50,546
63.64,-55.00,546
64.10,-52.50,546
64.91,-50.00,546
62.50,-49.38,546
60.00,-47.85,546
57.50,-49.35,546
57.20,-50.00,546
56.38,-52.50,546
56.21,-55.00,546
56.76,-57.50,546
57.50,-59.73,546
58.23,-60.00,546
60.00,-61.19,546
61.16,-60.00,546
62.50,-57.86,546
62.76,-57.50,546

56.33,-15.00,546
55.93,-12.50,546
55.00,-11.89,546
54.59,-12.50,546
53.89,-15.00,546
55.00,-17.24,546
56.33,-15.00,546

-34.24,-142.50,546
-34.47,-140.00,546
-35.00,-139.24,546
-37.50,-138.51,546
-38.48,-140.00,546
-38.50,-142.50,546
-37.50,-143.86,546
-35.00,-143.66,546
-34.24,-142.50,546

-32.74,0.00,552
-32.50,-1.40,552
-32.33,-2.50,552
-32.12,-5.00,552
-32.19,-7.50,552
-32.50,-9.15,552
-32.68,-10.00,552
-33.67,-12.50,552
-34.92,-15.00,552
-36.24,-17.50,552
-37.50,-19.50,552
-37.85,-20.00,552
-40.00,-22.32,552
-42.50,-24.32,552
-43.46,-25.00,552
-45.00,-26.22,552
-46.55,-27.50,552
-47.50,-28.39,552
-48.99,-30.00,552
-50.00,-31.29,552
-50.81,-32.50,552
-52.24,-35.00,552
-52.50,-35.59,552
-53.26,-37.50,552
-53.85,-40.00,552
-54.13,-42.50,552
-54.14,-45.00,552
-54.02,-47.50,552
-53.72,-50.00,552
-52.85,-52.50,552
-52.50,-53.25,552
-51.68,-55.00,552
-50.37,-57.50,552
-50.00,-58.00,552
-48.47,-60.00,552
-47.50,-61.23,552
-46.51,-62.50,552
-45.00,-64.22,552
-44.33,-65.00,552
-42.50,-67.27,552
-40.44,-70.00,552
-40.00,-70.72,552
-39.05,-72.50,552
-37.83,-75.00,552
-37.50,-75.80,552
-36.88,-77.50,552
-36.01,-80.00,552
-35.00,-82.29,552
-34.17,-85.00,552
-33.62,-87.50,552
-32.75,-90.00,552
-32.50,-90.46,552
-31.75,-92.50,552
-31.40,-95.00,552
-31.64,-97.50,552
-32.35,-100.00,552
-32.50,-100.37,552
-33.71,-102.50,552
-35.00,-104.56,552
-35.45,-105.00,552
-37.50,-107.43,552
-39.59,-110.00,552
-40.00,-110.69,552
-41.15,-112.50,552
-42.07,-115.00,552
-42.50,-116.38,552
-42.94,-117.50,552
-43.87,-120.00,552
-44.70,-122.50,552
-45.00,-123.52,552
-46.44,-125.00,552
-47.50,-126.23,552
-48.22,-127.50,552
-49.65,-130.00,552
-50.00,-130.93,552
-50.25,-132.50,552
-50.30,-135.00,552
-50.00,-136.63,552
-49.55,-137.50,552
-47.77,-140.00,552
-47.50,-140.39,552
-45.64,-142.50,552
-45.00,-143.94,552
-42.50,-143.32,552
-42.45,-142.50,552
-42.16,-140.00,552
-41.25,-137.50,552
-40.00,-136.50,552
-37.50,-135.16,552
-35.00,-136.43,552
-34.02,-137.50,552
-32.50,-139.49,552
-32.20,-140.00,552
-31.82,-142.50,552
-32.20,-145.00,552
-32.50,-146.15,552
-33.60,-147.50,552
-35.00,-148.79,552
-37.50,-149.67,552
-40.00,-149.32,552
-41.52,-150.00,552
-42.26,-152.50,552
-41.58,-155.00,552
-41.82,-157.50,552
-42.50,-159.05,552
-42.88,-160.00,552
-44.19,-162.50,552
-45.00,-164.11,552
-45.29,-165.00,552
-46.02,-167.50,552
-46.64,-170.00,552
-47.16,-172.50,552
-47.50,-174.54,552
-47.63,-177.50,552
-47.59,180.00,552
-47.50,178.25,552
-47.42,177.50,552
-46.98,175.00,552
-46.54,172.50,552
-46.34,170.00,552
-45.88,167.50,552
-45.67,165.00,552
-45.41,162.50,552
-45.09,160.00,552
-45.00,159.43,552
-44.55,157.50,552
-43.67,155.00,552
-42.50,153.35,552
-41.81,152.50,552
-40.00,150.36,552
-39.79,150.00,552
-38.09,147.50,552
-37.50,146.11,552
-37.14,145.00,552
-36.59,142.50,552
-35.91,140.00,552
-35.47,137.50,552
-35.74,135.00,552
-36.42,132.50,552
-37.50,130.00,552
-38.73,127.50,552
-40.00,125.32,552
-40.25,125.00,552
-41.71,122.50,552
-42.50,120.15,552
-42.50,119.30,552
-42.38,117.50,552
-41.63,115.00,552
-40.62,112.50,552
-40.00,111.11,552
-39.52,110.00,552
-38.45,107.50,552
-37.67,105.00,552
-37.50,104.30,552
-36.91,102.50,552
-36.41,100.00,552
-36.20,97.50,552
-36.09,95.00,552
-36.15,92.50,552
-36.35,90.00,552
-36.75,87.50,552
-37.42,85.00,552
-37.99,82.50,552
-38.72,80.00,552
-39.69,77.50,552
-40.00,76.72,552
-40.57,75.00,552
-41.56,72.50,552
-42.50,70.29,552
-43.56,67.50,552
-44.47,65.00,552
-45.00,63.43,552
-45.28,62.50,552
-45.91,60.00,552
-46.45,57.50,552
-46.91,55.00,552
-47.32,52.50,552
-47.50,51.06,552
-47.61,50.00,552
-47.77,47.50,552
-47.81,45.00,552
-47.74,42.50,552
-47.53,40.00,552
-47.10,37.50,552
-46.50,35.00,552
-45.73,32.50,552
-45.00,30.62,552
-44.75,30.00,552
-43.60,27.50,552
-42.50,25.40,552
-42.30,25.00,552
-40.99,22.50,552
-40.00,20.77,552
-39.59,20.00,552
-38.16,17.50,552
-37.50,16.22,552
-36.95,15.00,552
-35.82,12.50,552
-35.00,10.26,552
-34.18,7.50,552
-33.62,5.00,552
-33.18,2.50,552
-32.74,0.00,552

56.72,0.00,552
56.83,-2.50,552
56.50,-5.00,552
55.18,-7.50,552
53.79,-10.00,552
52.50,-11.86,552
52.28,-12.50,552
51.86,-15.00,552
52.04,-17.50,552
52.50,-19.72,552
54.44,-22.50,552
55.00,-24.02,552
56.90,-25.00,552
57.50,-25.68,552
58.66,-27.50,552
59.39,-30.00,552
59.52,-32.50,552
59.49,-35.00,552
59.10,-37.50,552
58.77,-40.00,552
58.40,-42.50,552
57.63,-45.00,552
56.62,-47.50,552
55.71,-50.00,552
55.10,-52.50,552
55.00,-53.24,552
54.77,-55.00,552
54.92,-57.50,552
55.51,-60.00,552
56.21,-62.50,552
56.71,-65.00,552
57.00,-67.50,552
57.16,-70.00,552
57.19,-72.50,552
57.14,-75.00,552
57.41,-77.50,552
60.00,-78.81,552
60.69,-77.50,552
61.86,-75.00,552
62.50,-73.58,552
63.09,-72.50,552
65.00,-70.01,552
67.50,-69.27,552
70.00,-69.22,552
72.50,-69.75,552
72.92,-70.00,552
75.00,-71.49,552
75.73,-72.50,552
76.91,-75.00,552
77.50,-77.50,552
77.50,-77.52,552

77.50,-103.66,552
77.14,-105.00,552
76.52,-107.50,552
76.03,-110.00,552
75.62,-112.50,552
75.23,-115.00,552
75.00,-116.37,552
74.75,-117.50,552
74.19,-120.00,552
73.69,-122.50,552
73.22,-125.00,552
72.77,-127.50,552
72.50,-128.90,552
71.76,-130.00,552
70.00,-132.10,552
69.19,-132.50,552
67.50,-133.08,552
65.31,-135.00,552
65.00,-136.40,552
64.89,-137.50,552
65.25,-140.00,552
65.80,-142.50,552
66.40,-145.00,552
66.97,-147.50,552
67.38,-150.00,552
67.50,-151.82,552
67.79,-155.00,552
67.96,-157.50,552
68.28,-160.00,552
68.63,-162.50,552
68.90,-165.00,552
69.15,-167.50,552
69.41,-170.00,552
69.63,-172.50,552
69.83,-175.00,552
69.97,-177.50,552
70.11,180.00,552
70.20,177.50,552
70.21,175.00,552
70.22,172.50,552
70.21,170.00,552
70.32,167.50,552
70.38,165.00,552
70.48,162.50,552
70.55,160.00,552
70.57,157.50,552
70.56,155.00,552
70.42,152.50,552
70.33,150.00,552
70.19,147.50,552
70.12,145.00,552
70.00,143.29,552
69.94,140.00,552
70.18,137.50,552
70.50,135.00,552
70.70,132.50,552
70.82,130.00,552
71.16,127.50,552
71.95,125.00,552
72.50,123.51,552
72.96,125.00,552
74.21,127.50,552
75.00,128.43,552
77.50,128.20,552

77.50,43.37,552
77.17,42.50,552
76.25,40.00,552
75.41,37.50,552
75.00,36.24,552
74.37,35.00,552
73.20,32.50,552
72.50,30.97,552
71.89,30.00,552
70.53,27.50,552
70.00,26.65,552
68.70,25.00,552
67.50,23.55,552
65.00,22.68,552
64.28,22.50,552
62.50,22.24,552
60.00,21.13,552
59.00,20.00,552
57.80,17.50,552
57.50,16.81,552
56.93,15.00,552
56.34,12.50,552
55.93,10.00,552
55.86,7.50,552
56.10,5.00,552
56.44,2.50,552
56.72,0.00,552

66.36,145.00,552
66.72,147.50,552
67.03,150.00,552
65.00,152.47,552
64.24,150.00,552
62.91,147.50,552
62.50,146.79,552
62.20,145.00,552
62.39,142.50,552
63.49,142.50,552
65.00,142.96,552
66.36,145.00,552

45.19,122.50,552
45.00,123.36,552
44.67,122.50,552
45.00,122.28,552
45.19,122.50,552

-31.14,0.00,558
-30.74,-2.50,558
-30.42,-5.00,558
-30.27,-7.50,558
-30.49,-10.00,558
-31.35,-12.50,558
-32.50,-14.72,558
-33.77,-17.50,558
-35.00,-19.78,558
-36.78,-22.50,558
-37.50,-23.39,558
-39.42,-25.00,558
-40.00,-25.45,558
-42.50,-27.42,558
-45.00,-29.55,558
-45.48,-30.00,558
-47.50,-32.06,558
-47.84,-32.50,558
-49.39,-35.00,558
-50.00,-36.37,558
-50.45,-37.50,558
-51.13,-40.00,558
-51.50,-42.50,558
-51.61,-45.00,558
-51.39,-47.50,558
-50.84,-50.00,558
-50.00,-52.06,558
-49.75,-52.50,558
-48.32,-55.00,558
-47.50,-56.38,558
-46.84,-57.50,558
-45.17,-60.00,558
-43.39,-62.50,558
-42.50,-63.54,558
-41.47,-65.00,558
-40.00,-67.05,558
-39.69,-67.50,558
-37.92,-70.00,558
-37.50,-70.76,558
-36.43,-72.50,558
-35.00,-75.00,558
-33.80,-77.50,558
-32.50,-79.90,558
-31.77,-82.50,558
-31.25,-85.00,558
-30.85,-87.50,558
-30.38,-90.00,558
-30.11,-92.50,558
-30.11,-95.00,558
-30.41,-97.50,558
-31.05,-100.00,558
-31.99,-102.50,558
-32.50,-103.55,558
-33.39,-105.00,558
-34.94,-107.50,558
-36.73,-110.00,558
-37.50,-111.29,558
-38.27,-112.50,558
-39.53,-115.00,558
-40.00,-116.20,558
-40.45,-117.50,558
-41.20,-120.00,558
-41.82,-122.50,558
-42.20,-125.00,558
-42.12,-127.50,558
-41.35,-130.00,558
-40.00,-131.59,558
-38.79,-132.50,558
-37.50,-132.89,558
-35.00,-134.27,558
-34.29,-135.00,558
-32.50,-136.99,558
-32.14,-137.50,558
-30.76,-140.00,558
-30.01,-142.50,558
-29.82,-145.00,558
-30.00,-146.41,558
-30.20,-147.50,558
-31.05,-150.00,558
-32.50,-152.08,558
-33.06,-152.50,558
-35.00,-154.88,558
-36.26,-157.50,558
-37.50,-159.51,558
-37.77,-160.00,558
-39.63,-162.50,558
-40.00,-163.01,558
-41.18,-165.00,558
-42.50,-167.45,558
-43.22,-170.00,558
-43.66,-172.50,558
-43.82,-175.00,558
-43.77,-177.50,558
-43.60,180.00,558
-43.36,177.50,558
-43.14,175.00,558
-43.17,172.50,558
-42.79,170.00,558
-42.62,167.50,558
-42.50,166.82,558
-42.12,165.00,558
-41.67,162.50,558
-41.50,160.00,558
-41.14,157.50,558
-40.02,155.00,558
-38.40,152.50,558
-37.50,150.71,558
-37.19,150.00,558
-35.62,147.50,558
-35.00,145.26,558
-34.48,142.50,558
-34.21,140.00,558
-34.04,137.50,558
-34.38,135.00,558
-35.00,132.76,558
-35.69,130.00,558
-36.64,127.50,558
-37.50,125.59,558
-37.78,125.00,558
-38.72,122.50,558
-39.33,120.00,558
-39.47,117.50,558
-39.16,115.00,558
-38.50,112.50,558
-37.78,110.00,558
-37.50,109.05,558
-36.99,107.50,558
-36.23,105.00,558
-35.67,102.50,558
-35.34,100.00,558
-35.15,97.50,558
-35.04,95.00,558
-35.06,92.50,558
-35.19,90.00,558
-35.47,87.50,558
-35.94,85.00,558
-36.61,82.50,558
-37.42,80.00,558
-38.15,77.50,558
-39.06,75.00,558
-40.00,72.67,558
-41.03,70.00,558
-42.04,67.50,558
-42.50,66.31,558
-42.96,65.00,558
-43.73,62.50,558
-44.41,60.00,558
-45.00,57.50,558
-45.39,55.00,558
-45.69,52.50,558
-45.92,50.00,558
-46.04,47.50,558
-46.04,45.00,558
-45.90,42.50,558
-45.62,40.00,558
-45.17,37.50,558
-45.00,36.82,558
-44.53,35.00,558
-43.75,32.50,558
-42.73,30.00,558
-42.50,29.50,558
-41.59,27.50,558
-40.38,25.00,558
-40.00,24.29,558
-39.10,22.50,558
-37.81,20.00,558
-37.50,19.47,558
-36.44,17.50,558
-35.33,15.00,558
-35.00,14.21,558
-34.34,12.50,558
-33.47,10.00,558
-32.76,7.50,558
-32.50,6.51,558
-32.09,5.00,558
-31.59,2.50,558
-31.14,0.00,558

54.09,0.00,558
53.85,-2.50,558
53.31,-5.00,558
52.55,-7.50,558
51.71,-10.00,558
51.06,-12.50,558
50.86,-15.00,558
50.99,-17.50,558
51.34,-20.00,558
52.02,-22.50,558
52.50,-23.76,558
53.15,-25.00,558
54.07,-27.50,558
54.98,-30.00,558
55.64,-32.50,558
55.79,-35.00,558
55.71,-37.50,558
55.63,-40.00,558
55.43,-42.50,558
55.06,-45.00,558
54.57,-47.50,558
54.05,-50.00,558
53.67,-52.50,558
53.50,-55.00,558
53.61,-57.50,558
53.89,-60.00,558
54.30,-62.50,558
54.75,-65.00,558
55.00,-67.15,558
55.03,-70.00,558
54.30,-72.50,558
53.19,-75.00,558
52.50,-76.13,558
52.05,-77.50,558
51.41,-80.00,558
50.78,-82.50,558
50.42,-85.00,558
50.14,-87.50,558
51.21,-90.00,558
52.50,-90.74,558
54.06,-90.00,558
55.00,-89.37,558
57.50,-89.47,558
58.53,-90.00,558
60.00,-90.88,558
61.18,-90.00,558
62.50,-88.24,558
62.76,-87.50,558
63.52,-85.00,558
64.38,-82.50,558
65.00,-81.10,558
65.60,-80.00,558
67.41,-77.50,558
70.00,-77.07,558
71.48,-77.50,558
72.50,-77.95,558
73.45,-80.00,558
74.16,-82.50,558
74.58,-85.00,558
74.85,-87.50,558
75.00,-88.94,558
75.26,-92.50,558
75.28,-95.00,558
75.14,-97.50,558
75.00,-98.83,558
74.48,-102.50,558
74.04,-105.00,558
73.54,-107.50,558
73.01,-110.00,558
72.50,-112.17,558
71.26,-115.00,558
70.32,-117.50,558
70.00,-118.22,558
67.50,-119.72,558
65.00,-117.92,558
64.50,-117.50,558
62.50,-116.17,558
60.43,-115.00,558
60.00,-114.73,558
57.50,-117.40,558
56.17,-120.00,558
55.00,-121.24,558
54.43,-122.50,558
53.62,-125.00,558
53.12,-127.50,558
53.14,-130.00,558
53.74,-132.50,558
54.98,-135.00,558
57.42,-137.50,558
59.24,-140.00,558
59.70,-142.50,558
60.00,-143.92,558
60.49,-145.00,558
61.91,-147.50,558
62.50,-149.45,558
63.50,-152.50,558
64.03,-155.00,558
64.47,-157.50,558
64.85,-160.00,558
65.00,-161.11,558
65.25,-162.50,558
65.72,-165.00,558
66.15,-167.50,558
66.48,-170.00,558
66.73,-172.50,558
66.90,-175.00,558
67.03,-177.50,558
67.12,180.00,558
67.23,177.50,558
67.36,175.00,558
67.50,173.30,558
67.71,170.00,558
67.64,167.50,558
67.50,166.33,558
67.31,165.00,558
66.65,162.50,558
65.62,160.00,558
65.00,158.94,558
64.54,157.50,558
63.54,155.00,558
62.57,152.50,558
61.67,150.00,558
60.97,147.50,558
60.39,145.00,558
60.00,143.25,558
59.85,142.50,558
59.70,140.00,558
60.00,137.94,558
60.28,137.50,558
62.50,135.36,558
62.99,135.00,558
64.08,132.50,558
64.44,130.00,558
64.64,127.50,558
64.99,125.00,558
65.25,122.50,558
65.55,120.00,558
65.89,117.50,558
66.29,115.00,558
66.84,112.50,558
67.50,110.63,558
67.76,110.00,558
69.60,107.50,558
70.00,107.10,558
72.50,107.04,558
74.38,107.50,558
75.00,107.81,558
75.62,105.00,558
76.16,102.50,558
77.08,100.00,558
77.50,99.25,558

77.50,55.41,558
76.75,52.50,558
75.96,50.00,558
75.00,47.50,558
73.90,45.00,558
72.50,42.64,558
70.00,40.66,558
67.50,41.99,558
67.09,42.50,558
65.21,45.00,558
62.50,47.18,558
61.27,47.50,558
60.00,47.70,558
58.03,45.00,558
57.91,42.50,558
58.63,40.00,558
59.80,37.50,558
61.56,35.00,558
62.50,32.61,558
63.20,30.00,558
62.50,28.17,558
62.32,27.50,558
60.24,25.00,558
57.67,22.50,558
56.36,20.00,558
55.34,17.50,558
55.00,16.33,558
54.76,15.00,558
54.40,12.50,558
54.11,10.00,558
53.98,7.50,558
54.00,5.00,558
54.08,2.50,558
54.09,0.00,558

62.94,72.50,558
63.32,75.00,558
63.54,77.50,558
63.48,80.00,558
62.50,82.14,558
61.34,82.50,558
60.00,82.84,558
57.50,83.20,558
57.02,82.50,558
55.23,80.00,558
54.11,77.50,558
52.50,75.19,558
50.00,75.82,558
49.33,75.00,558
48.12,72.50,558
49.31,70.00,558
50.00,69.39,558
52.50,68.91,558
53.79,67.50,558
55.00,66.62,558
57.50,65.33,558
60.00,65.79,558
61.12,67.50,558
62.24,70.00,558
62.50,70.81,558
62.94,72.50,558

47.53,122.50,558
46.84,125.00,558
45.00,127.25,558
42.50,126.70,558
41.59,125.00,558
41.74,122.50,558
42.50,121.07,558
44.22,120.00,558
45.00,119.63,558
45.65,120.00,558
47.50,122.42,558
47.53,122.50,558

47.65,167.50,558
47.50,167.03,558
47.65,167.50,558

-29.55,0.00,564
-29.16,-2.50,564
-28.90,-5.00,564
-28.76,-7.50,564
-28.86,-10.00,564
-29.24,-12.50,564
-30.00,-14.99,564
-31.20,-17.50,564
-32.41,-20.00,564
-33.75,-22.50,564
-35.00,-24.33,564
-35.53,-25.00,564
-37.50,-27.18,564
-37.92,-27.50,564
-40.00,-29.37,564
-40.71,-30.00,564
-42.50,-31.61,564
-43.55,-32.50,564
-45.00,-34.02,564
-45.72,-35.00,564
-47.07,-37.50,564
-47.50,-38.73,564
-47.84,-40.00,564
-48.21,-42.50,564
-48.10,-45.00,564
-47.50,-47.13,564
-47.28,-47.50,564
-45.36,-50.00,564
-45.00,-50.66,564
-43.90,-52.50,564
-43.73,-55.00,564
-43.04,-57.50,564
-42.50,-58.61,564
-41.88,-60.00,564
-40.41,-62.50,564
-40.00,-63.16,564
-38.92,-65.00,564
-37.50,-67.25,564
-35.32,-70.00,564
-35.00,-70.51,564
-33.96,-72.50,564
-32.68,-75.00,564
-32.50,-75.36,564
-31.66,-77.50,564
-30.70,-80.00,564
-30.00,-81.86,564
-29.77,-82.50,564
-29.24,-85.00,564
-28.88,-87.50,564
-28.64,-90.00,564
-28.58,-92.50,564
-28.67,-95.00,564
-28.99,-97.50,564
-29.66,-100.00,564
-30.00,-100.94,564
-30.50,-102.50,564
-31.56,-105.00,564
-32.50,-106.83,564
-32.89,-107.50,564
-34.32,-110.00,564
-35.00,-111.34,564
-35.68,-112.50,564
-36.84,-115.00,564
-37.50,-116.59,564
-37.87,-117.50,564
-38.56,-120.00,564
-38.93,-122.50,564
-38.83,-125.00,564
-38.43,-127.50,564
-37.50,-129.59,564
-37.25,-130.00,564
-35.00,-131.63,564
-34.21,-132.50,564
-32.50,-134.29,564
-32.03,-135.00,564
-30.35,-137.50,564
-30.00,-138.23,564
-29.12,-140.00,564
-28.30,-142.50,564
-27.97,-145.00,564
-27.92,-147.50,564
-28.19,-150.00,564
-28.67,-152.50,564
-29.24,-155.00,564
-29.98,-157.50,564
-31.62,-160.00,564
-32.50,-161.34,564
-33.13,-162.50,564
-34.34,-165.00,564
-35.00,-166.44,564
-35.58,-167.50,564
-36.66,-170.00,564
-37.50,-172.11,564
-37.65,-172.50,564
-38.40,-175.00,564
-38.85,-177.50,564
-39.16,180.00,564
-39.41,177.50,564
-39.53,175.00,564
-39.50,172.50,564
-39.13,170.00,564
-38.57,167.50,564
-37.72,165.00,564
-37.50,164.32,564
-36.79,162.50,564
-36.00,160.00,564
-35.67,157.50,564
-35.19,155.00,564
-35.00,153.93,564
-34.84,152.50,564
-34.43,150.00,564
-33.39,147.50,564
-32.61,145.00,564
-32.50,144.07,564
-32.31,142.50,564
-32.33,140.00,564
-32.31,137.50,564
-32.50,135.41,564
-32.53,135.00,564
-32.87,132.50,564
-33.44,130.00,564
-34.14,127.50,564
-34.93,125.00,564
-35.62,122.50,564
-36.14,120.00,564
-36.37,117.50,564
-36.27,115.00,564
-35.85,112.50,564
-35.48,110.00,564
-35.07,107.50,564
-34.52,105.00,564
-34.03,102.50,564
-33.68,100.00,564
-33.44,97.50,564
-33.32,95.00,564
-33.32,92.50,564
-33.46,90.00,564
-33.76,87.50,564
-34.23,85.00,564
-34.86,82.50,564
-35.00,82.06,564
-35.55,80.00,564
-36.36,77.50,564
-37.34,75.00,564
-37.50,74.63,564
-38.28,72.50,564
-39.31,70.00,564
-40.00,68.40,564
-40.34,67.50,564
-41.23,65.00,564
-42.05,62.50,564
-42.50,60.88,564
-42.71,60.00,564
-43.20,57.50,564
-43.58,55.00,564
-43.85,52.50,564
-44.02,50.00,564
-44.09,47.50,564
-44.06,45.00,564
-43.89,42.50,564
-43.57,40.00,564
-43.12,37.50,564
-42.53,35.00,564
-41.71,32.50,564
-40.73,30.00,564
-40.00,28.32,564
-39.62,27.50,564
-38.43,25.00,564
-37.50,23.05,564
-37.23,22.50,564
-36.06,20.00,564
-35.00,17.94,564
-34.77,17.50,564
-33.75,15.00,564
-32.82,12.50,564
-32.50,11.51,564
-31.99,10.00,564
-31.24,7.50,564
-30.58,5.00,564
-30.03,2.50,564
-29.55,0.00,564

51.86,0.00,564
51.42,-2.50,564
50.86,-5.00,564
50.39,-7.50,564
50.01,-10.00,564
49.75,-12.50,564
49.72,-15.00,564
49.87,-17.50,564
50.00,-18.53,564
50.12,-20.00,564
50.50,-22.50,564
51.17,-25.00,564
52.00,-27.50,564
52.50,-29.27,564
52.72,-30.00,564
53.15,-32.50,564
53.26,-35.00,564
53.20,-37.50,564
53.08,-40.00,564
52.94,-42.50,564
52.71,-45.00,564
52.50,-47.02,564
52.23,-50.00,564
52.15,-52.50,564
52.11,-55.00,564
52.19,-57.50,564
52.39,-60.00,564
52.50,-61.23,564
52.59,-62.50,564
52.82,-65.00,564
52.90,-67.50,564
52.63,-70.00,564
51.88,-72.50,564
51.20,-75.00,564
50.44,-77.50,564
50.00,-78.90,564
49.63,-80.00,564
48.85,-82.50,564
48.20,-85.00,564
47.85,-87.50,564
47.79,-90.00,564
48.67,-92.50,564
50.00,-94.20,564
51.66,-95.00,564
52.50,-95.64,564
55.00,-97.04,564
55.55,-97.50,564
56.99,-100.00,564
57.50,-102.24,564
57.97,-105.00,564
57.50,-105.98,564
56.94,-107.50,564
56.14,-110.00,564
55.68,-112.50,564
55.01,-115.00,564
54.24,-117.50,564
53.24,-120.00,564
52.50,-121.97,564
52.32,-122.50,564
51.54,-125.00,564
51.09,-127.50,564
50.84,-130.00,564
50.88,-132.50,564
51.70,-135.00,564
52.50,-136.35,564
53.42,-137.50,564
54.76,-140.00,564
55.00,-140.44,564
56.06,-142.50,564
57.12,-145.00,564
57.50,-145.79,564
58.31,-147.50,564
59.35,-150.00,564
60.00,-151.53,564
60.49,-152.50,564
61.29,-155.00,564
61.88,-157.50,564
62.45,-160.00,564
63.01,-162.50,564
63.47,-165.00,564
63.82,-167.50,564
64.11,-170.00,564
64.37,-172.50,564
64.60,-175.00,564
64.83,-177.50,564
65.00,-179.78,564
65.20,177.50,564
65.35,175.00,564
65.39,172.50,564
65.24,170.00,564
65.00,168.37,564
64.87,167.50,564
64.38,165.00,564
63.77,162.50,564
63.07,160.00,564
62.50,158.39,564
62.17,157.50,564
61.33,155.00,564
60.57,152.50,564
60.00,150.58,564
59.82,150.00,564
59.22,147.50,564
58.70,145.00,564
58.21,142.50,564
57.82,140.00,564
57.52,137.50,564
57.34,135.00,564
57.50,132.86,564
58.87,130.00,564
60.00,127.61,564
60.89,125.00,564
61.45,122.50,564
61.93,120.00,564
62.41,117.50,564
63.00,115.00,564
63.52,112.50,564
63.96,110.00,564
64.29,107.50,564
64.46,105.00,564
64.43,102.50,564
64.08,100.00,564
63.10,97.50,564
62.50,96.65,564
60.00,96.08,564
57.50,95.91,564
56.40,95.00,564
55.00,93.01,564
54.81,92.50,564
53.81,90.00,564
52.74,87.50,564
52.50,86.86,564
52.07,85.00,564
51.22,82.50,564
50.00,80.80,564
49.66,80.00,564
48.20,77.50,564
47.50,76.71,564
46.74,75.00,564
46.33,72.50,564
46.58,70.00,564
47.50,67.66,564
49.79,65.00,564
52.50,62.60,564
55.00,60.70,564
55.90,60.00,564
57.50,58.49,564
58.60,57.50,564
60.00,55.18,564
60.00,54.36,564
59.74,52.50,564
57.50,50.28,564
56.10,47.50,564
55.85,45.00,564
56.11,42.50,564
56.72,40.00,564
57.50,37.79,564
58.62,35.00,564
59.33,32.50,564
59.38,30.00,564
58.57,27.50,564
57.50,26.05,564
56.98,25.00,564
55.57,22.50,564
55.00,21.40,564
54.48,20.00,564
53.79,17.50,564
53.31,15.00,564
52.89,12.50,564
52.54,10.00,564
52.29,7.50,564
52.16,5.00,564
52.09,2.50,564
51.86,0.00,564

75.10,60.00,564
75.35,62.50,564
75.58,65.00,564
75.76,67.50,564
75.89,70.00,564
75.93,72.50,564
75.77,75.00,564
75.05,77.50,564
74.61,75.00,564
74.37,72.50,564
74.19,70.00,564
74.03,67.50,564
73.90,65.00,564
73.84,62.50,564
74.19,60.00,564
75.00,59.36,564
75.10,60.00,564

70.28,-97.50,564
70.44,-95.00,564
70.36,-92.50,564
70.03,-90.00,564
67.50,-92.33,564
67.45,-95.00,564
67.50,-96.19,564
67.92,-97.50,564
70.00,-99.46,564
70.28,-97.50,564

50.45,165.00,564
50.61,167.50,564
50.00,168.37,564
47.50,169.60,564
45.69,167.50,564
45.84,165.00,564
47.50,163.17,564
50.00,164.37,564
50.45,165.00,564

49.08,120.00,564
49.82,122.50,564
49.60,125.00,564
47.96,127.50,564
47.50,127.95,564
45.00,129.53,564
42.50,128.92,564
40.79,127.50,564
40.04,125.00,564
40.12,122.50,564
40.98,120.00,564
42.50,118.19,564
44.38,117.50,564
45.00,117.16,564
45.88,117.50,564
47.50,118.04,564
49.08,120.00,564

-27.90,0.00,570
-27.60,-2.50,570
-27.50,-3.89,570
-27.40,-5.00,570
-27.28,-7.50,570
-27.35,-10.00,570
-27.50,-11.63,570
-27.57,-12.50,570
-28.00,-15.00,570
-28.71,-17.50,570
-29.58,-20.00,570
-30.00,-21.07,570
-30.69,-22.50,570
-32.11,-25.00,570
-32.50,-25.66,570
-33.81,-27.50,570
-35.00,-29.13,570
-35.73,-30.00,570
-37.50,-32.38,570
-39.37,-35.00,570
-40.00,-36.35,570
-40.59,-37.50,570
-40.00,-39.20,570
-37.50,-38.90,570
-35.93,-40.00,570
-35.00,-40.46,570
-32.50,-40.87,570
-30.00,-41.99,570
-29.38,-42.50,570
-27.50,-44.77,570
-27.50,-46.39,570
-27.61,-47.50,570
-29.87,-50.00,570
-32.50,-51.77,570
-33.85,-52.50,570
-35.00,-53.35,570
-37.39,-55.00,570
-38.61,-57.50,570
-38.15,-60.00,570
-37.50,-61.42,570
-37.08,-62.50,570
-35.95,-65.00,570
-35.00,-66.41,570
-34.29,-67.50,570
-33.13,-70.00,570
-32.50,-71.20,570
-31.79,-72.50,570
-30.78,-75.00,570
-30.00,-77.13,570
-29.85,-77.50,570
-28.89,-80.00,570
-28.10,-82.50,570
-27.53,-85.00,570
-27.10,-87.50,570
-26.86,-90.00,570
-26.84,-92.50,570
-27.05,-95.00,570
-27.50,-97.50,570
-27.96,-100.00,570
-28.64,-102.50,570
-29.66,-105.00,570
-30.00,-105.72,570
-30.71,-107.50,570
-31.97,-110.00,570
-32.50,-111.22,570
-33.01,-112.50,570
-33.96,-115.00,570
-34.96,-117.50,570
-35.52,-120.00,570
-35.74,-122.50,570
-35.55,-125.00,570
-35.00,-126.77,570
-34.72,-127.50,570
-33.12,-130.00,570
-32.50,-130.70,570
-31.36,-132.50,570
-30.00,-134.74,570
-28.43,-137.50,570
-27.50,-139.47,570
-27.23,-140.00,570
-26.47,-142.50,570
-26.04,-145.00,570
-25.83,-147.50,570
-25.79,-150.00,570
-25.94,-152.50,570
-26.26,-155.00,570
-26.68,-157.50,570
-27.14,-160.00,570
-27.50,-161.93,570
-27.65,-162.50,570
-28.32,-165.00,570
-28.94,-167.50,570
-29.44,-170.00,570
-29.99,-172.50,570
-31.23,-175.00,570
-32.50,-177.21,570
-33.42,180.00,570
-33.99,177.50,570
-34.36,175.00,570
-34.49,172.50,570
-34.16,170.00,570
-33.62,167.50,570
-33.15,165.00,570
-32.50,162.66,570
-32.13,160.00,570
-32.15,157.50,570
-31.85,155.00,570
-31.68,152.50,570
-31.23,150.00,570
-30.71,147.50,570
-30.16,145.00,570
-30.00,142.51,570
-29.72,140.00,570
-29.64,137.50,570
-29.71,135.00,570
-29.88,132.50,570
-30.00,131.38,570
-30.17,130.00,570
-30.63,127.50,570
-31.20,125.00,570
-31.76,122.50,570
-32.34,120.00,570
-32.50,119.19,570
-32.77,117.50,570
-32.82,115.00,570
-32.70,112.50,570
-32.52,110.00,570
-32.38,107.50,570
-32.07,105.00,570
-31.73,102.50,570
-31.45,100.00,570
-31.28,97.50,570
-31.22,95.00,570
-31.24,92.50,570
-31.38,90.00,570
-31.63,87.50,570
-32.03,85.00,570
-32.50,83.16,570
-32.64,82.50,570
-33.34,80.00,570
-34.22,77.50,570
-35.00,75.70,570
-35.25,75.00,570
-36.21,72.50,570
-37.33,70.00,570
-37.50,69.63,570
-38.32,67.50,570
-39.25,65.00,570
-40.00,62.86,570
-40.70,60.00,570
-41.17,57.50,570
-41.51,55.00,570
-41.73,52.50,570
-41.83,50.00,570
-41.85,47.50,570
-41.81,45.00,570
-41.65,42.50,570
-41.32,40.00,570
-40.88,37.50,570
-40.33,35.00,570
-40.00,33.90,570
-39.50,32.50,570
-38.52,30.00,570
-37.52,27.50,570
-36.37,25.00,570
-35.26,22.50,570
-35.00,21.87,570
-34.11,20.00,570
-33.02,17.50,570
-32.50,16.02,570
-32.10,15.00,570
-31.17,12.50,570
-30.40,10.00,570
-30.00,8.59,570
-29.64,7.50,570
-28.94,5.00,570
-28.35,2.50,570
-27.90,0.00,570

49.56,0.00,570
49.12,-2.50,570
48.64,-5.00,570
48.21,-7.50,570
47.93,-10.00,570
47.78,-12.50,570
47.77,-15.00,570
47.90,-17.50,570
48.13,-20.00,570
48.58,-22.50,570
49.17,-25.00,570
49.85,-27.50,570
50.00,-28.13,570
50.45,-30.00,570
50.84,-32.50,570
50.99,-35.00,570
50.99,-37.50,570
50.89,-40.00,570
50.72,-42.50,570
50.58,-45.00,570
50.46,-47.50,570
50.35,-50.00,570
50.31,-52.50,570
50.20,-55.00,570
50.23,-57.50,570
50.32,-60.00,570
50.45,-62.50,570
50.47,-65.00,570
50.43,-67.50,570
50.38,-70.00,570
50.00,-72.37,570
49.37,-75.00,570
48.56,-77.50,570
47.92,-80.00,570
47.50,-81.39,570
47.15,-82.50,570
46.50,-85.00,570
46.19,-87.50,570
46.03,-90.00,570
46.30,-92.50,570
47.05,-95.00,570
47.50,-96.27,570
48.42,-97.50,570
49.67,-100.00,570
50.00,-100.85,570
50.84,-102.50,570
51.74,-105.00,570
52.47,-107.50,570
52.80,-110.00,570
52.63,-112.50,570
52.50,-113.33,570
52.21,-115.00,570
51.47,-117.50,570
50.74,-120.00,570
50.12,-122.50,570
50.00,-123.09,570
49.51,-125.00,570
48.94,-127.50,570
48.64,-130.00,570
48.66,-132.50,570
49.31,-135.00,570
50.00,-136.29,570
50.62,-137.50,570
51.96,-140.00,570
52.50,-140.90,570
53.33,-142.50,570
54.62,-145.00,570
55.00,-145.71,570
55.76,-147.50,570
57.00,-150.00,570
57.50,-151.00,570
58.10,-152.50,570
59.05,-155.00,570
59.85,-157.50,570
60.53,-160.00,570
61.03,-162.50,570
61.50,-165.00,570
61.88,-167.50,570
62.22,-170.00,570
62.50,-172.38,570
62.72,-175.00,570
62.90,-177.50,570
63.01,180.00,570
63.06,177.50,570
63.09,175.00,570
62.98,172.50,570
62.73,170.00,570
62.50,168.15,570
61.76,165.00,570
61.13,162.50,570
60.48,160.00,570
60.00,158.13,570
59.75,157.50,570
58.85,155.00,570
58.19,152.50,570
57.69,150.00,570
57.50,148.79,570
57.16,147.50,570
56.61,145.00,570
56.01,142.50,570
55.56,140.00,570
55.30,137.50,570
55.10,135.00,570
55.00,133.40,570
54.82,132.50,570
54.60,130.00,570
55.00,129.43,570
55.38,127.50,570
56.37,125.00,570
57.50,123.33,570
57.84,122.50,570
58.69,120.00,570
59.49,117.50,570
60.00,115.64,570
60.11,115.00,570
60.30,112.50,570
60.27,110.00,570
60.00,107.57,570
58.72,105.00,570
57.50,104.10,570
55.00,104.01,570
52.50,104.30,570
51.49,105.00,570
50.00,105.98,570
49.53,105.00,570
49.77,102.50,570
49.85,100.00,570
50.00,99.44,570
50.60,97.50,570
50.78,95.00,570
50.36,92.50,570
50.05,90.00,570
49.58,87.50,570
49.10,85.00,570
48.36,82.50,570
47.50,80.50,570
47.31,80.00,570
46.30,77.50,570
45.42,75.00,570
45.03,72.50,570
45.17,70.00,570
45.85,67.50,570
46.88,65.00,570
47.50,63.92,570
48.71,62.50,570
50.00,60.90,570
51.04,60.00,570
52.50,58.36,570
53.32,57.50,570
54.74,55.00,570
55.00,52.97,570
54.20,50.00,570
53.55,47.50,570
53.52,45.00,570
54.09,42.50,570
54.86,40.00,570
55.51,37.50,570
56.23,35.00,570
56.71,32.50,570
56.58,30.00,570
56.02,27.50,570
55.00,25.18,570
53.86,22.50,570
53.02,20.00,570
52.50,18.02,570
52.35,17.50,570
51.81,15.00,570
51.37,12.50,570
50.99,10.00,570
50.66,7.50,570
50.37,5.00,570
50.02,2.50,570
49.56,0.00,570

52.86,122.50,570
53.09,125.00,570
52.50,127.29,570
50.00,129.26,570
49.22,130.00,570
47.50,130.86,570
45.00,131.47,570
42.50,130.89,570
40.80,130.00,570
40.00,129.39,570
38.67,127.50,570
38.11,125.00,570
38.02,122.50,570
38.41,120.00,570
39.49,117.50,570
40.00,116.78,570
41.61,115.00,570
42.50,114.09,570
44.84,112.50,570
47.50,110.81,570
50.00,111.53,570
50.46,112.50,570
51.29,115.00,570
51.86,117.50,570
52.40,120.00,570
52.50,120.83,570
52.86,122.50,570

53.86,165.00,570
54.08,167.50,570
52.57,170.00,570
50.00,172.05,570
47.50,172.26,570
45.00,170.70,570
44.28,170.00,570
42.98,167.50,570
42.55,165.00,570
43.24,162.50,570
45.00,160.79,570
47.01,160.00,570
47.50,159.87,570
48.24,160.00,570
50.00,160.37,570
52.33,162.50,570
53.86,165.00,570

-25.99,0.00,576
-25.69,-2.50,576
-25.49,-5.00,576
-25.43,-7.50,576
-25.48,-10.00,576
-25.60,-12.50,576
-25.87,-15.00,576
-26.30,-17.50,576
-26.98,-20.00,576
-27.50,-21.65,576
-27.75,-22.50,576
-28.50,-25.00,576
-29.39,-27.50,576
-30.00,-29.55,576
-30.16,-30.00,576
-30.77,-32.50,576
-30.57,-35.00,576
-30.00,-35.88,576
-28.48,-37.50,576
-27.50,-38.34,576
-25.87,-40.00,576
-25.00,-41.45,576
-24.62,-42.50,576
-24.00,-45.00,576
-24.48,-47.50,576
-25.00,-48.24,576
-26.22,-50.00,576
-27.50,-51.31,576
-28.82,-52.50,576
-30.00,-53.59,576
-31.89,-55.00,576
-32.50,-55.83,576
-33.66,-57.50,576
-33.99,-60.00,576
-33.63,-62.50,576
-32.79,-65.00,576
-32.50,-65.47,576
-31.21,-67.50,576
-30.55,-70.00,576
-30.00,-71.28,576
-29.49,-72.50,576
-28.60,-75.00,576
-27.77,-77.50,576
-27.50,-78.37,576
-26.77,-80.00,576
-25.95,-82.50,576
-25.41,-85.00,576
-25.00,-87.40,576
-24.56,-90.00,576
-24.43,-92.50,576
-24.56,-95.00,576
-24.97,-97.50,576
-25.35,-100.00,576
-25.86,-102.50,576
-26.67,-105.00,576
-27.50,-106.95,576
-27.66,-107.50,576
-28.51,-110.00,576
-29.52,-112.50,576
-30.00,-113.65,576
-30.51,-115.00,576
-31.26,-117.50,576
-31.70,-120.00,576
-31.88,-122.50,576
-31.43,-125.00,576
-30.00,-126.94,576
-29.73,-127.50,576
-28.95,-130.00,576
-28.36,-132.50,576
-27.50,-134.94,576
-26.01,-137.50,576
-25.09,-140.00,576
-25.00,-140.37,576
-24.36,-142.50,576
-23.88,-145.00,576
-23.60,-147.50,576
-23.47,-150.00,576
-23.51,-152.50,576
-23.64,-155.00,576
-23.88,-157.50,576
-24.19,-160.00,576
-24.56,-162.50,576
-24.88,-165.00,576
-25.00,-165.75,576
-25.28,-167.50,576
-25.60,-170.00,576
-25.82,-172.50,576
-25.93,-175.00,576
-25.97,-177.50,576
-26.05,180.00,576
-26.10,177.50,576
-26.23,175.00,576
-26.59,172.50,576
-27.05,170.00,576
-27.50,167.96,576
-27.59,167.50,576
-28.08,165.00,576
-28.36,162.50,576
-28.55,160.00,576
-28.59,157.50,576
-28.53,155.00,576
-28.52,152.50,576
-28.24,150.00,576
-27.87,147.50,576
-27.57,145.00,576
-27.50,143.98,576
-27.37,142.50,576
-27.15,140.00,576
-26.79,137.50,576
-26.63,135.00,576
-26.62,132.50,576
-26.51,130.00,576
-26.59,127.50,576
-26.77,125.00,576
-27.06,122.50,576
-27.50,120.06,576
-27.99,117.50,576
-28.27,115.00,576
-28.45,112.50,576
-28.59,110.00,576
-28.63,107.50,576
-28.54,105.00,576
-28.42,102.50,576
-28.30,100.00,576
-28.23,97.50,576
-28.23,95.00,576
-28.34,92.50,576
-28.57,90.00,576
-28.85,87.50,576
-29.18,85.00,576
-29.59,82.50,576
-30.00,80.83,576
-30.20,80.00,576
-31.13,77.50,576
-32.41,75.00,576
-33.47,72.50,576
-34.78,70.00,576
-35.00,69.57,576
-35.79,67.50,576
-36.73,65.00,576
-37.50,62.83,576
-38.12,60.00,576
-38.54,57.50,576
-38.84,55.00,576
-39.02,52.50,576
-39.10,50.00,576
-39.12,47.50,576
-39.05,45.00,576
-38.85,42.50,576
-38.53,40.00,576
-38.08,37.50,576
-37.55,35.00,576
-36.69,32.50,576
-35.89,30.00,576
-35.10,27.50,576
-33.99,25.00,576
-33.01,22.50,576
-32.50,21.41,576
-31.80,20.00,576
-30.94,17.50,576
-30.15,15.00,576
-30.00,14.49,576
-29.27,12.50,576
-28.47,10.00,576
-27.78,7.50,576
-27.50,6.30,576
-27.09,5.00,576
-26.44,2.50,576
-25.99,0.00,576

47.41,0.00,576
46.90,-2.50,576
46.30,-5.00,576
45.76,-7.50,576
45.39,-10.00,576
45.22,-12.50,576
45.18,-15.00,576
45.30,-17.50,576
45.73,-20.00,576
46.29,-22.50,576
46.95,-25.00,576
47.50,-26.91,576
47.64,-27.50,576
48.14,-30.00,576
48.47,-32.50,576
48.65,-35.00,576
48.71,-37.50,576
48.65,-40.00,576
48.48,-42.50,576
48.33,-45.00,576
48.15,-47.50,576
47.97,-50.00,576
47.86,-52.50,576
47.82,-55.00,576
47.85,-57.50,576
47.86,-60.00,576
47.89,-62.50,576
47.87,-65.00,576
47.66,-67.50,576
47.59,-70.00,576
47.50,-71.17,576
47.38,-72.50,576
47.07,-75.00,576
46.41,-77.50,576
45.85,-80.00,576
45.31,-82.50,576
45.00,-84.87,576
44.53,-87.50,576
44.31,-90.00,576
44.45,-92.50,576
44.99,-95.00,576
45.77,-97.50,576
46.73,-100.00,576
47.50,-101.88,576
47.77,-102.50,576
48.66,-105.00,576
49.29,-107.50,576
49.49,-110.00,576
49.28,-112.50,576
48.84,-115.00,576
48.24,-117.50,576
47.61,-120.00,576
47.50,-120.49,576
46.88,-122.50,576
46.21,-125.00,576
45.70,-127.50,576
45.32,-130.00,576
45.05,-132.50,576
45.22,-135.00,576
45.95,-137.50,576
47.50,-139.59,576
47.70,-140.00,576
49.30,-142.50,576
50.00,-143.35,576
50.92,-145.00,576
52.40,-147.50,576
53.88,-150.00,576
55.00,-151.84,576
55.32,-152.50,576
56.48,-155.00,576
57.43,-157.50,576
58.23,-160.00,576
58.87,-162.50,576
59.40,-165.00,576
59.78,-167.50,576
60.00,-169.52,576
60.20,-172.50,576
60.27,-175.00,576
60.26,-177.50,576
60.15,180.00,576
60.00,178.46,576
59.78,177.50,576
58.31,175.00,576
57.50,174.35,576
55.25,175.00,576
52.50,175.36,576
50.00,175.54,576
47.50,175.30,576
46.75,175.00,576
45.00,174.32,576
42.50,173.32,576
41.36,172.50,576
40.00,170.80,576
39.30,170.00,576
37.50,168.01,576
36.87,167.50,576
35.00,165.51,576
34.46,165.00,576
33.61,162.50,576
34.20,160.00,576
35.00,159.09,576
37.50,159.09,576
40.00,158.42,576
41.70,157.50,576
42.50,157.14,576
45.00,155.87,576
47.50,155.19,576
48.92,155.00,576
50.00,154.67,576
52.50,153.70,576
52.96,152.50,576
52.91,150.00,576
52.65,147.50,576
52.56,145.00,576
52.50,144.46,576
52.26,142.50,576
51.72,140.00,576
51.05,137.50,576
50.00,135.59,576
49.54,135.00,576
47.50,133.82,576
45.00,133.72,576
42.50,132.98,576
41.60,132.50,576
40.00,131.77,576
38.28,130.00,576
37.50,128.85,576
36.37,127.50,576
35.56,125.00,576
35.07,122.50,576
35.22,120.00,576
35.73,117.50,576
36.91,115.00,576
37.50,114.24,576
38.89,112.50,576
40.00,111.31,576
41.29,110.00,576
42.50,108.75,576
43.42,107.50,576
44.21,105.00,576
45.00,102.64,576
45.96,100.00,576
46.68,97.50,576
47.06,95.00,576
47.12,92.50,576
47.40,90.00,576
47.04,87.50,576
46.46,85.00,576
45.69,82.50,576
45.22,80.00,576
45.00,79.15,576
44.41,77.50,576
43.66,75.00,576
43.42,72.50,576
43.53,70.00,576
43.96,67.50,576
44.84,65.00,576
45.91,62.50,576
47.36,60.00,576
48.86,57.50,576
50.00,55.01,576
50.43,52.50,576
50.59,50.00,576
50.43,47.50,576
50.42,45.00,576
50.82,42.50,576
51.88,40.00,576
52.50,38.60,576
52.77,37.50,576
53.31,35.00,576
53.68,32.50,576
53.74,30.00,576
53.54,27.50,576
52.99,25.00,576
52.50,23.40,576
52.17,22.50,576
51.33,20.00,576
50.75,17.50,576
50.28,15.00,576
50.00,13.38,576
49.78,12.50,576
49.24,10.00,576
48.80,7.50,576
48.35,5.00,576
47.87,2.50,576
47.50,0.41,576
47.41,0.00,576

-23.36,0.00,582
-23.01,-2.50,582
-22.83,-5.00,582
-22.79,-7.50,582
-22.79,-10.00,582
-22.93,-12.50,582
-23.04,-15.00,582
-23.26,-17.50,582
-23.48,-20.00,582
-23.68,-22.50,582
-23.76,-25.00,582
-23.39,-27.50,582
-22.50,-29.98,582
-21.27,-32.50,582
-20.14,-35.00,582
-20.00,-35.61,582
-19.64,-37.50,582
-19.27,-40.00,582
-18.73,-42.50,582
-18.83,-45.00,582
-20.00,-47.25,582
-21.77,-50.00,582
-22.50,-50.85,582
-24.04,-52.50,582
-25.00,-53.61,582
-26.20,-55.00,582
-27.50,-56.82,582
-27.99,-57.50,582
-28.86,-60.00,582
-28.93,-62.50,582
-28.48,-65.00,582
-27.50,-66.55,582
-26.84,-67.50,582
-26.24,-70.00,582
-26.21,-72.50,582
-25.23,-75.00,582
-25.00,-75.64,582
-24.17,-77.50,582
-23.30,-80.00,582
-22.66,-82.50,582
-22.50,-83.17,582
-21.87,-85.00,582
-21.33,-87.50,582
-20.97,-90.00,582
-20.72,-92.50,582
-20.53,-95.00,582
-20.52,-97.50,582
-20.80,-100.00,582
-21.35,-102.50,582
-22.13,-105.00,582
-22.50,-105.86,582
-23.06,-107.50,582
-24.07,-110.00,582
-25.00,-111.82,582
-25.32,-112.50,582
-26.28,-115.00,582
-27.06,-117.50,582
-27.50,-119.47,582
-27.60,-120.00,582
-27.50,-122.09,582
-27.48,-122.50,582
-27.02,-125.00,582
-26.29,-127.50,582
-25.40,-130.00,582
-25.00,-131.16,582
-24.33,-132.50,582
-23.36,-135.00,582
-22.50,-137.50,582
-21.76,-140.00,582
-21.20,-142.50,582
-20.92,-145.00,582
-20.66,-147.50,582
-20.54,-150.00,582
-20.55,-152.50,582
-20.62,-155.00,582
-20.75,-157.50,582
-20.86,-160.00,582
-21.04,-162.50,582
-21.20,-165.00,582
-21.32,-167.50,582
-21.44,-170.00,582
-21.57,-172.50,582
-21.63,-175.00,582
-21.46,-177.50,582
-21.27,180.00,582
-21.01,177.50,582
-21.09,175.00,582
-21.30,172.50,582
-21.32,170.00,582
-21.87,167.50,582
-22.50,165.68,582
-22.71,165.00,582
-23.32,162.50,582
-23.82,160.00,582
-24.22,157.50,582
-24.55,155.00,582
-24.69,152.50,582
-24.81,150.00,582
-24.42,147.50,582
-24.03,145.00,582
-23.68,142.50,582
-23.43,140.00,582
-23.24,137.50,582
-22.86,135.00,582
-22.57,132.50,582
-22.50,131.16,582
-22.41,130.00,582
-22.18,127.50,582
-22.37,125.00,582
-22.50,124.06,582
-22.65,122.50,582
-22.80,120.00,582
-22.91,117.50,582
-22.97,115.00,582
-23.02,112.50,582
-23.17,110.00,582
-23.23,107.50,582
-23.41,105.00,582
-23.59,102.50,582
-23.70,100.00,582
-23.81,97.50,582
-23.82,95.00,582
-23.83,92.50,582
-23.83,90.00,582
-23.98,87.50,582
-24.22,85.00,582
-24.58,82.50,582
-25.00,80.47,582
-25.09,80.00,582
-25.62,77.50,582
-26.29,75.00,582
-27.50,72.59,582
-29.99,70.00,582
-31.42,67.50,582
-32.50,65.56,582
-32.70,65.00,582
-33.43,62.50,582
-33.91,60.00,582
-34.02,57.50,582
-33.77,55.00,582
-33.70,52.50,582
-33.64,50.00,582
-33.34,47.50,582
-32.74,45.00,582
-32.50,44.19,582
-31.85,42.50,582
-30.47,40.00,582
-30.00,39.03,582
-29.38,37.50,582
-30.00,35.54,582
-30.33,35.00,582
-31.70,32.50,582
-31.81,30.00,582
-31.37,27.50,582
-30.61,25.00,582
-30.00,22.63,582
-28.95,20.00,582
-28.09,17.50,582
-27.50,15.30,582
-26.48,12.50,582
-25.77,10.00,582
-25.13,7.50,582
-25.00,6.94,582
-24.37,5.00,582
-23.81,2.50,582
-23.36,0.00,582

44.78,0.00,582
44.08,-2.50,582
43.41,-5.00,582
42.69,-7.50,582
42.50,-8.26,582
41.92,-10.00,582
41.23,-12.50,582
40.94,-15.00,582
41.08,-17.50,582
41.89,-20.00,582
42.50,-20.83,582
43.22,-22.50,582
44.09,-25.00,582
44.84,-27.50,582
45.00,-28.05,582
45.40,-30.00,582
45.77,-32.50,582
45.98,-35.00,582
46.01,-37.50,582
45.95,-40.00,582
45.70,-42.50,582
45.35,-45.00,582
45.00,-47.35,582
44.26,-50.00,582
42.86,-52.50,582
42.50,-53.20,582
40.00,-54.81,582
38.35,-57.50,582
39.00,-60.00,582
40.00,-61.27,582
41.77,-62.50,582
42.50,-63.19,582
43.25,-65.00,582
43.72,-67.50,582
43.83,-70.00,582
43.82,-72.50,582
43.80,-75.00,582
43.44,-77.50,582
43.06,-80.00,582
42.85,-82.50,582
42.60,-85.00,582
42.54,-87.50,582
42.51,-90.00,582
42.58,-92.50,582
42.76,-95.00,582
43.19,-97.50,582
43.89,-100.00,582
44.70,-102.50,582
45.00,-103.56,582
45.35,-105.00,582
45.63,-107.50,582
45.58,-110.00,582
45.28,-112.50,582
45.00,-113.43,582
44.39,-115.00,582
43.51,-117.50,582
42.62,-120.00,582
41.69,-122.50,582
40.47,-125.00,582
40.00,-125.69,582
38.33,-127.50,582
37.50,-128.43,582
36.32,-130.00,582
35.41,-132.50,582
35.33,-135.00,582
35.41,-137.50,582
35.25,-140.00,582
35.00,-142.30,582
35.00,-142.85,582
35.19,-145.00,582
36.50,-147.50,582
37.50,-148.38,582
40.00,-148.82,582
42.50,-148.82,582
45.00,-148.71,582
47.50,-149.28,582
48.59,-150.00,582
50.00,-150.71,582
51.49,-152.50,582
52.50,-153.69,582
53.24,-155.00,582
54.51,-157.50,582
55.00,-158.59,582
55.47,-160.00,582
56.12,-162.50,582
56.59,-165.00,582
56.74,-167.50,582
56.57,-170.00,582
56.14,-172.50,582
55.28,-175.00,582
55.00,-175.44,582
52.95,-177.50,582
52.50,-177.82,582
50.00,-179.61,582
49.00,180.00,582
47.50,179.62,582
45.00,178.97,582
42.50,178.03,582
41.76,177.50,582
40.00,176.32,582
38.53,175.00,582
37.50,174.21,582
35.83,172.50,582
35.00,171.80,582
32.97,170.00,582
32.50,169.54,582
30.79,167.50,582
30.00,166.35,582
29.13,165.00,582
28.21,162.50,582
27.76,160.00,582
28.04,157.50,582
28.94,155.00,582
30.00,153.51,582
31.50,152.50,582
32.50,151.99,582
35.00,151.66,582
37.50,151.55,582
40.00,150.89,582
42.02,150.00,582
42.50,149.79,582
45.00,147.60,582
46.50,145.00,582
47.41,142.50,582
47.50,141.36,582
47.58,140.00,582
45.55,137.50,582
45.00,137.22,582
42.50,135.83,582
40.98,135.00,582
40.00,134.55,582
37.55,132.50,582
35.00,130.17,582
32.50,127.56,582
30.45,125.00,582
30.00,123.88,582
29.44,122.50,582
29.45,120.00,582
30.00,118.76,582
30.46,117.50,582
31.18,115.00,582
32.15,112.50,582
32.50,111.91,582
34.32,110.00,582
35.00,109.33,582
36.72,107.50,582
37.50,106.82,582
38.94,105.00,582
40.00,102.61,582
41.15,100.00,582
41.77,97.50,582
42.31,95.00,582
42.50,93.82,582
42.67,92.50,582
42.73,90.00,582
42.53,87.50,582
42.08,85.00,582
41.52,82.50,582
41.20,80.00,582
40.89,77.50,582
40.84,75.00,582
40.76,72.50,582
40.58,70.00,582
40.21,67.50,582
40.30,65.00,582
41.06,62.50,582
42.19,60.00,582
42.50,59.25,582
42.91,57.50,582
43.38,55.00,582
43.31,52.50,582
42.98,50.00,582
42.50,49.28,582
41.56,47.50,582
40.66,45.00,582
40.00,43.65,582
39.38,42.50,582
37.50,40.05,582
36.43,37.50,582
36.02,35.00,582
36.19,32.50,582
36.69,30.00,582
37.50,28.89,582
40.00,28.83,582
42.50,29.72,582
43.12,30.00,582
45.00,31.15,582
47.50,32.39,582
49.01,30.00,582
49.66,27.50,582
50.00,25.38,582
50.00,24.74,582
49.67,22.50,582
49.04,20.00,582
48.50,17.50,582
48.04,15.00,582
47.57,12.50,582
47.00,10.00,582
46.42,7.50,582
46.00,5.00,582
45.41,2.50,582
45.00,0.71,582
44.78,0.00,582

-16.68,0.00,588
-16.57,-2.50,588
-16.24,-5.00,588
-15.96,-7.50,588
-15.66,-10.00,588
-15.37,-12.50,588
-15.09,-15.00,588
-15.00,-15.69,588
-14.65,-17.50,588
-14.31,-20.00,588
-13.95,-22.50,588
-13.49,-25.00,588
-13.04,-27.50,588
-12.54,-30.00,588
-11.85,-32.50,588
-11.55,-35.00,588
-11.52,-37.50,588
-11.51,-40.00,588
-11.35,-42.50,588
-12.50,-44.66,588
-12.59,-45.00,588
-12.50,-46.29,588
-12.34,-47.50,588
-11.68,-50.00,588
-12.50,-51.54,588
-12.97,-52.50,588
-14.44,-55.00,588
-15.00,-55.31,588
-17.50,-56.80,588
-18.07,-57.50,588
-18.22,-60.00,588
-17.50,-61.84,588
-16.88,-62.50,588
-15.00,-63.48,588
-13.58,-62.50,588
-12.50,-61.59,588
-11.35,-60.00,588
-10.38,-57.50,588
-10.00,-57.24,588
-7.50,-57.06,588
-5.00,-55.04,588
-4.04,-52.50,588
-3.73,-50.00,588
-2.50,-48.44,588
-1.75,-47.50,588
-1.03,-45.00,588
-0.34,-42.50,588
-1.63,-40.00,588
-2.00,-37.50,588
-1.90,-35.00,588
-0.52,-32.50,588
-0.42,-30.00,588
0.00,-28.74,588
0.80,-27.50,588
0.00,-26.57,588
-1.03,-25.00,588
-1.64,-22.50,588
-2.50,-20.71,588
-3.04,-20.00,588
-5.00,-18.50,588
-5.33,-17.50,588
-5.50,-15.00,588
-6.47,-12.50,588
-7.50,-11.02,588
-8.00,-10.00,588
-8.99,-7.50,588
-9.91,-5.00,588
-11.44,-2.50,588
-12.50,-1.34,588
-13.54,0.00,588

-11.59,100.00,588
-11.72,102.50,588
-12.34,105.00,588
-12.50,105.49,588
-12.74,105.00,588
-15.00,103.18,588
-15.15,102.50,588
-15.73,100.00,588
-15.70,97.50,588
-15.00,96.10,588
-13.38,97.50,588
-12.50,98.46,588
-11.59,100.00,588

-11.96,110.00,588
-11.61,112.50,588
-10.87,115.00,588
-10.56,117.50,588
-10.62,120.00,588
-10.77,122.50,588
-11.49,125.00,588
-12.50,126.62,588
-12.82,125.00,588
-13.38,122.50,588
-13.66,120.00,588
-13.17,117.50,588
-13.09,115.00,588
-12.97,112.50,588
-12.78,110.00,588
-12.50,108.84,588
-11.96,110.00,588

-17.11,15.00,588
-17.50,15.49,588
-18.06,15.00,588
-17.50,14.18,588
-17.11,15.00,588

-16.46,47.50,588
-15.81,50.00,588
-15.59,52.50,588
-15.62,55.00,588
-16.27,57.50,588
-17.50,59.29,588
-20.00,58.53,588
-22.13,57.50,588
-22.50,57.31,588
-25.00,55.38,588
-25.24,55.00,588
-26.18,52.50,588
-26.02,50.00,588
-25.13,47.50,588
-22.50,45.03,588
-20.00,44.65,588
-19.04,45.00,588
-17.50,46.01,588
-16.46,47.50,588

12.66,0.00,588
13.10,-2.50,588
12.50,-3.38,588
11.50,-5.00,588
10.99,-7.50,588
10.00,-8.92,588
7.50,-8.69,588
5.00,-9.33,588
4.67,-10.00,588
4.70,-12.50,588
4.40,-15.00,588
5.00,-17.48,588
4.11,-20.00,588
5.00,-20.49,588
5.46,-20.00,588
7.50,-19.31,588
8.51,-20.00,588
10.00,-20.32,588
12.50,-20.21,588
13.99,-22.50,588
14.19,-25.00,588
13.33,-27.50,588
12.50,-28.70,588
10.45,-30.00,588
10.00,-31.05,588
7.50,-30.49,588
5.00,-31.51,588
4.15,-32.50,588
4.62,-35.00,588
4.06,-37.50,588
2.90,-40.00,588
5.00,-41.68,588
5.36,-42.50,588
5.50,-45.00,588
5.00,-47.47,588
2.50,-49.69,588
2.03,-50.00,588
2.50,-50.43,588
3.83,-52.50,588
5.00,-54.81,588
5.00,-55.44,588
4.61,-57.50,588
5.00,-58.50,588
5.46,-60.00,588
7.50,-62.23,588
7.50,-63.76,588
7.22,-65.00,588
7.50,-66.12,588
7.90,-67.50,588
10.00,-69.04,588
11.00,-70.00,588
12.50,-71.43,588
13.37,-72.50,588
13.73,-75.00,588
14.78,-77.50,588
14.95,-80.00,588
14.94,-82.50,588
14.89,-85.00,588
15.00,-86.18,588
15.17,-87.50,588
16.04,-90.00,588
16.76,-92.50,588
16.95,-95.00,588
17.50,-97.01,588
20.00,-97.32,588
21.18,-97.50,588
22.50,-98.78,588
22.82,-100.00,588
22.50,-100.23,588
21.22,-102.50,588
20.34,-105.00,588
20.22,-107.50,588
20.52,-110.00,588
21.33,-112.50,588
21.02,-115.00,588
20.00,-117.37,588
19.12,-120.00,588
19.61,-122.50,588
19.91,-125.00,588
19.51,-127.50,588
19.75,-130.00,588
20.00,-130.61,588
21.01,-132.50,588
21.23,-135.00,588
20.79,-137.50,588
20.16,-140.00,588
20.00,-140.97,588
19.80,-142.50,588
19.96,-145.00,588
20.00,-146.67,588
22.50,-147.22,588
23.43,-145.00,588
24.83,-142.50,588
25.71,-140.00,588
26.64,-137.50,588
27.50,-136.03,588
27.81,-135.00,588
28.59,-132.50,588
29.90,-130.00,588
30.82,-127.50,588
31.21,-125.00,588
32.50,-122.59,588
35.00,-121.62,588
36.16,-120.00,588
37.28,-117.50,588
37.50,-116.59,588
37.82,-115.00,588
37.65,-112.50,588
37.52,-110.00,588
38.22,-107.50,588
39.08,-105.00,588
39.84,-102.50,588
39.02,-100.00,588
38.50,-97.50,588
37.88,-95.00,588
37.50,-93.65,588
35.00,-92.51,588
32.50,-94.32,588
30.00,-94.20,588
27.50,-92.65,588
26.71,-92.50,588
25.16,-90.00,588
25.30,-87.50,588
25.78,-85.00,588
26.44,-82.50,588
27.50,-81.04,588
28.22,-80.00,588
30.00,-78.39,588
31.69,-77.50,588
32.50,-76.73,588
34.57,-75.00,588
35.00,-73.28,588
35.25,-72.50,588
35.00,-71.63,588
34.66,-70.00,588
33.50,-67.50,588
32.61,-65.00,588
31.27,-62.50,588
30.52,-60.00,588
30.00,-59.24,588
27.50,-57.58,588
27.50,-57.19,588
28.14,-55.00,588
30.00,-52.99,588
30.40,-52.50,588
32.50,-51.37,588
35.00,-50.13,588
35.58,-50.00,588
37.50,-49.59,588
40.00,-47.83,588
40.26,-47.50,588
41.40,-45.00,588
42.12,-42.50,588
42.37,-40.00,588
42.44,-37.50,588
42.22,-35.00,588
41.72,-32.50,588
40.77,-30.00,588
40.17,-27.50,588
40.00,-27.01,588
38.99,-25.00,588
37.50,-23.34,588
36.62,-22.50,588
35.13,-20.00,588
35.00,-18.62,588
34.89,-17.50,588
35.00,-16.99,588
35.34,-15.00,588
36.11,-12.50,588
37.13,-10.00,588
37.50,-9.21,588
38.22,-7.50,588
39.24,-5.00,588
40.00,-2.66,588
40.87,0.00,588

40.87,0.00,588
41.81,2.50,588
42.50,4.82,588
43.05,7.50,588
43.63,10.00,588
44.14,12.50,588
44.29,15.00,588
44.15,17.50,588
43.42,20.00,588
42.50,21.09,588
40.00,22.03,588
38.30,22.50,588
37.50,22.67,588
35.00,23.71,588
33.25,25.00,588
32.50,25.88,588
30.53,27.50,588
30.00,28.37,588
28.89,30.00,588
28.03,32.50,588
28.20,35.00,588
28.55,37.50,588
29.83,40.00,588
30.63,42.50,588
31.02,45.00,588
30.00,47.01,588
29.56,47.50,588
27.50,48.72,588
25.75,50.00,588
26.79,52.50,588
27.50,52.76,588
30.00,50.36,588
31.04,50.00,588
32.50,49.11,588
32.88,50.00,588
32.53,52.50,588
31.95,55.00,588
30.34,57.50,588
30.00,58.49,588
29.31,60.00,588
27.50,62.49,588
25.00,60.08,588
23.72,57.50,588
22.54,55.00,588
21.69,52.50,588
20.19,50.00,588
18.98,47.50,588
17.50,46.70,588
16.25,45.00,588
16.34,42.50,588
15.27,40.00,588
15.00,38.08,588
14.91,37.50,588
13.98,35.00,588
13.79,32.50,588
12.50,30.01,588
11.78,27.50,588
12.03,25.00,588
11.39,22.50,588
11.19,20.00,588
12.50,18.64,588
13.18,17.50,588
13.07,15.00,588
13.55,12.50,588
12.75,10.00,588
12.54,7.50,588
12.69,5.00,588
12.73,2.50,588
12.66,0.00,588

50.13,-170.00,588
51.20,-167.50,588
51.48,-165.00,588
50.94,-162.50,588
50.00,-160.69,588
47.50,-161.22,588
46.40,-162.50,588
45.66,-165.00,588
45.82,-167.50,588
46.59,-170.00,588
47.50,-170.81,588
50.00,-170.18,588
50.13,-170.00,588

40.47,140.00,588
40.83,142.50,588
40.00,143.57,588
38.03,145.00,588
37.50,145.22,588
35.00,145.60,588
32.50,145.91,588
30.00,146.28,588
27.50,147.20,588
26.58,147.50,588
25.00,148.07,588
22.50,149.30,588
22.30,150.00,588
21.48,152.50,588
21.01,155.00,588
20.50,157.50,588
20.65,160.00,588
20.79,162.50,588
21.29,165.00,588
22.50,166.79,588
22.93,167.50,588
24.27,170.00,588
25.00,170.80,588
26.29,172.50,588
27.50,173.88,588
28.56,175.00,588
30.00,176.11,588
31.96,177.50,588
32.50,178.10,588
34.00,180.00,588
35.00,-177.91,588
35.20,-177.50,588
35.73,-175.00,588
35.00,-173.80,588
34.18,-172.50,588
32.50,-170.78,588
31.58,-170.00,588
30.00,-169.26,588
27.50,-168.56,588
25.00,-168.53,588
22.50,-168.98,588
20.74,-170.00,588
20.00,-171.58,588
18.55,-172.50,588
17.50,-173.03,588
15.00,-172.81,588
14.75,-175.00,588
14.45,-177.50,588
15.00,-179.64,588
15.36,180.00,588
15.00,178.24,588
14.94,177.50,588
14.21,175.00,588
13.69,172.50,588
13.39,170.00,588
12.50,168.20,588
11.29,167.50,588
10.00,166.10,588
9.31,165.00,588
7.50,162.99,588
6.07,162.50,588
5.00,162.18,588
3.59,160.00,588
3.33,157.50,588
3.99,155.00,588
4.22,152.50,588
5.00,151.72,588
5.57,150.00,588
5.97,147.50,588
6.14,145.00,588
7.50,143.54,588
9.46,142.50,588
10.00,141.94,588
12.50,142.31,588
12.99,142.50,588
15.00,143.33,588
17.50,144.47,588
18.10,145.00,588
20.00,146.77,588
22.50,146.41,588
23.33,145.00,588
23.67,142.50,588
22.50,140.12,588
20.41,137.50,588
22.50,135.64,588
24.22,135.00,588
25.00,134.50,588
27.50,134.06,588
30.00,133.88,588
32.50,134.44,588
33.52,135.00,588
35.00,135.78,588
37.50,137.30,588
37.83,137.50,588
40.00,139.62,588
40.47,140.00,588

29.38,-112.50,588
27.50,-110.48,588
25.60,-112.50,588
27.50,-114.28,588
29.38,-112.50,588

17.95,110.00,588
18.58,112.50,588
17.50,114.88,588
16.10,117.50,588
16.12,120.00,588
15.50,122.50,588
15.25,125.00,588
15.00,126.76,588
14.81,127.50,588
13.82,130.00,588
12.50,131.47,588
10.00,131.85,588
7.71,130.00,588
8.45,127.50,588
8.53,125.00,588
10.00,123.17,588
10.46,122.50,588
10.21,120.00,588
10.00,119.56,588
9.56,117.50,588
9.53,115.00,588
9.36,112.50,588
10.00,110.31,588
10.16,110.00,588
11.12,107.50,588
12.25,105.00,588
12.71,105.00,588
15.00,106.77,588
17.09,107.50,588
17.50,108.31,588
17.95,110.00,588

18.00,-167.50,588
17.50,-166.55,588
17.05,-167.50,588
17.50,-168.79,588
18.00,-167.50,588

-7.27,157.50,588
-6.46,160.00,588
-5.48,162.50,588
-6.38,165.00,588
-6.12,167.50,588
-7.50,169.26,588
-8.49,170.00,588
-10.00,171.21,588
-11.60,170.00,588
-12.50,169.36,588
-13.35,167.50,588
-13.63,165.00,588
-13.09,162.50,588
-12.50,160.70,588
-11.96,160.00,588
-10.00,157.88,588
-7.90,157.50,588
-7.50,157.38,588
-7.27,157.50,588

[Latitude],[Longitude],[HI=1/LO=0],[Value]
-60.12,84.44,0,485
-61.65,15.47,0,485
-64.45,-95.41,0,485
-71.38,59.47,0,485
-50.29,97.28,0,491
-42.51,131.16,0,533
60.24,-54.87,0,545
55.29,-14.16,0,545
-36.10,-141.42,0,545
64.36,146.11,0,551
57.14,74.38,0,557
74.72,68.28,0,563
69.15,-94.26,1,565
48.72,-166.38,1,589
27.87,-112.45,0,587
13.05,117.36,1,589
-9.42,163.59,1,589
-13.46,101.02,1,589
-12.16,117.09,1,589
-20.58,51.24,1,589
