43.07 144.97
44.03 148.43
46.10 152.10
49.70 155.23
1001 1
46.23 165.10
48.53 162.20
49.63 159.10
49.69 155.23
1001 2
37.93 -65.73
38.92 -63.64
41.07 -61.63
42.90 -60.97
44.23 -61.49
45.07 -62.50
1001 1
46.58 -56.33
46.55 -58.77
46.15 -60.83
45.07 -62.48
1001 2
-44.33 14.78
-43.34 12.38
-42.42 8.25
-42.43 3.42
-43.00 0.42
1001 1
-50.53 46.70
-47.07 46.50
-41.08 41.67
-35.42 36.25
-30.58 29.00
1001 1
-42.27 133.32
-40.47 135.38
-38.08 136.33
-34.08 135.50
-30.29 132.69
-28.08 129.25
1001 1
-42.27 133.35
-43.67 134.57
-44.63 137.17
-45.18 142.01
-45.03 146.73
1001 2
-34.00 -136.08
-30.33 -136.33
-27.34 -137.47
-24.42 -139.75
-20.50 -144.42
1001 1
-37.00 -144.70
-38.43 -145.67
-39.87 -143.93
-39.58 -140.50
-37.67 -137.67
-33.90 -136.07
1001 3
-42.08 -82.50
-36.75 -85.25
-31.67 -90.58
-28.00 -99.17
-26.17 -107.42
1001 1
-42.58 -91.42
-44.40 -91.43
-46.83 -89.08
-47.25 -84.42
-45.42 -82.33
-41.92 -82.50
1001 3
31.30 -81.23
33.43 -76.80
35.60 -74.83
37.57 -73.83
1001 1
37.93 -65.72
38.05 -68.18
37.97 -71.52
37.57 -73.83
1001 2
-64.27 -81.43
-61.00 -83.42
-57.42 -86.58
-53.33 -92.75
-50.75 -100.50
-50.83 -110.33
1001 1
-65.63 -89.70
-66.55 -89.97
-67.64 -88.12
-67.90 -84.20
-67.28 -81.20
-65.48 -80.98
-64.27 -81.40
1001 3
-37.33 -172.42
-35.22 -172.60
-32.50 -173.67
-29.83 -176.25
-27.17 -179.92
1001 1
-39.33 179.50
-40.83 178.58
-42.00 -179.17
-40.75 -175.50
-38.93 -173.22
-37.20 -172.33
1001 3
-68.37 172.33
-66.34 174.27
-63.25 175.17
-57.67 173.83
-52.75 169.50
-48.67 161.83
-46.50 154.25
1001 1
46.83 -153.33
50.10 -149.50
54.27 -148.00
57.70 -148.87
59.53 -150.57
1001 1
-57.03 23.33
-55.68 25.00
-53.43 25.60
-49.57 24.43
-46.91 22.33
-45.80 20.57
1001 1
-44.33 14.77
-44.93 16.26
-45.47 18.47
-45.80 20.60
1001 2
-51.97 106.60
-50.29 106.98
-47.42 106.25
-44.08 102.83
-42.44 98.52
-41.75 93.67
1001 1
38.67 116.33
41.00 121.50
44.83 126.58
49.23 129.57
53.60 130.40
1001 1
52.10 141.27
53.21 138.26
53.50 134.50
53.57 130.41
1001 2
53.57 130.42
54.63 129.88
55.50 128.59
56.00 125.53
55.31 122.88
54.22 122.00
53.42 122.18
1001 3
46.59 -56.33
48.97 -54.93
51.00 -54.50
52.88 -55.44
53.90 -56.77
1001 1
-36.19 108.91
-34.69 108.57
-31.82 106.46
-28.64 102.30
-26.25 97.33
1001 1
-36.18 108.92
-35.86 111.14
-34.53 114.88
-32.80 117.17
1001 2
-50.52 46.72
-51.34 51.66
-51.87 57.15
-51.95 62.05
-51.63 66.93
1001 2
-53.84 -22.79
-50.95 -22.00
-46.72 -22.72
-43.42 -25.00
1001 1
-56.53 -32.47
-57.27 -33.17
-58.30 -31.90
-58.18 -28.12
-56.73 -24.73
-53.83 -22.80
1001 3
-32.90 -57.03
-31.33 -57.60
-28.60 -58.83
-27.30 -59.90
1001 1
-32.90 -57.04
-33.83 -56.12
-34.77 -54.05
-35.03 -50.73
1001 2
