38.80 127.93
40.09 132.08
42.43 136.13
45.83 140.17
48.13 142.20
1001 1
52.92 154.83
53.08 150.58
51.27 146.53
49.53 143.87
48.17 142.17
1001 2
33.75 160.33
34.83 164.33
36.76 169.17
39.36 171.54
40.97 172.07
1001 1
41.00 172.07
42.60 172.17
43.90 170.87
43.90 168.30
42.95 166.43
41.68 165.92
1001 3
38.83 -61.20
39.42 -58.42
41.03 -54.70
42.77 -51.67
44.50 -49.87
1001 1
44.23 -43.43
44.49 -45.41
44.65 -47.22
44.47 -49.83
1001 2
44.20 -43.47
45.33 -38.10
48.09 -33.24
50.50 -30.92
1001 1
50.47 -31.00
51.34 -30.79
52.70 -31.40
52.97 -33.70
52.50 -36.10
51.70 -37.77
50.78 -37.87
50.17 -37.20
1001 3
46.75 9.50
48.42 16.42
52.23 19.63
55.50 19.46
57.05 17.43
57.90 15.07
1001 1
-47.25 3.17
-44.58 1.58
-40.50 -1.67
-35.92 -5.50
-33.27 -9.61
-31.58 -15.25
1001 1
-47.25 3.17
-49.80 5.88
-49.80 5.88
-51.50 9.33
1001 2
-62.67 15.25
-60.93 15.97
-58.10 16.00
-55.17 13.87
-51.42 9.42
1001 1
-61.25 -2.17
-62.83 -2.25
-65.40 0.07
-66.73 4.43
-66.55 10.27
-64.57 14.33
-62.67 15.25
1001 3
-46.67 56.50
-42.27 51.53
-38.93 45.03
-37.50 38.67
1001 1
-46.67 56.48
-48.36 58.62
-49.47 60.61
1001 2
-55.97 64.60
-54.35 65.05
-51.97 64.27
-50.69 63.01
-49.43 60.60
1001 1
-60.75 50.00
-62.33 50.08
-63.33 52.58
-62.70 56.33
-61.65 59.20
-58.55 63.36
-55.93 64.67
1001 3
-55.25 96.25
-51.83 95.61
-44.25 88.50
-39.25 79.83
-37.50 71.75
1001 1
-53.08 86.50
-54.58 86.33
-55.80 88.33
-56.33 91.25
-56.25 93.42
-55.85 95.43
-55.23 96.27
1001 3
-55.25 96.25
-54.69 100.30
-53.25 104.86
-49.33 108.83
1001 2
-41.58 139.50
-38.30 140.61
-31.50 140.17
-26.09 136.05
-22.67 131.08
1001 1
-42.58 129.08
-43.50 128.42
-45.63 129.03
-46.93 131.30
-46.83 134.73
-44.66 137.62
-41.57 139.53
1001 3
-32.92 -151.92
-30.50 -152.33
-27.25 -155.61
-25.25 -160.92
1001 1
-51.40 -58.47
-48.92 -60.50
-46.69 -63.24
-44.67 -66.75
-43.75 -69.67
1001 1
-73.93 -43.57
-70.80 -40.12
-67.16 -38.95
-60.68 -42.68
-54.67 -53.47
1001 1
-51.38 -58.48
-53.33 -56.04
-54.63 -53.43
1001 2
63.77 -171.73
64.99 -170.75
67.33 -170.07
68.37 -170.67
68.76 -172.25
68.07 -174.66
66.60 -176.40
1001 3
56.23 174.70
57.04 178.74
58.35 -178.00
61.03 -174.27
63.80 -171.67
1001 1
-64.25 -60.00
-61.50 -60.25
-59.00 -61.17
-56.17 -63.83
-54.08 -70.33
1001 1
-65.42 -148.83
-61.05 -151.18
-57.58 -156.64
-57.17 -162.33
1001 1
-65.33 -148.83
-66.26 -143.78
-66.73 -139.83
-66.92 -135.17
1001 2
48.90 -91.23
49.57 -87.30
51.07 -83.23
52.47 -81.37
1001 1
50.77 -76.40
51.50 -78.17
52.07 -79.97
52.37 -81.43
1001 2
