38.83 155.08
38.83 161.58
40.75 165.83
43.80 167.00
45.57 166.50
1001 1
48.93 174.60
49.07 172.23
48.07 169.53
47.07 167.83
45.57 166.50
1001 2
38.75 124.92
40.25 129.50
43.75 135.25
47.83 139.58
52.33 141.33
56.83 140.85
1001 1
35.40 -72.63
36.81 -69.02
38.97 -64.83
41.23 -62.63
1001 1
42.60 -53.86
42.63 -56.65
42.27 -59.53
41.23 -62.65
1001 2
-37.70 -52.63
-36.00 -51.08
-34.00 -50.33
-30.83 -50.75
-28.92 -53.08
1001 1
-37.68 -52.57
-39.00 -50.08
-39.75 -46.50
-39.63 -41.52
1001 2
-63.25 -68.42
-59.08 -68.67
-54.42 -70.25
-51.95 -72.29
-49.67 -75.08
1001 1
-55.92 43.58
-52.08 43.42
-45.75 40.25
-41.08 30.42
-38.17 19.42
-37.08 10.67
1001 1
-53.42 67.25
-50.67 67.58
-45.75 65.42
-42.25 61.92
-39.30 56.49
-36.83 51.00
1001 1
-53.33 67.08
-53.67 71.83
-53.08 78.75
-52.00 84.42
-50.53 88.43
1001 2
-39.65 124.63
-35.90 124.90
-31.33 123.60
-28.73 119.23
-28.00 112.83
1001 1
-40.42 121.08
-40.92 120.17
-42.17 120.17
-43.08 121.25
-42.75 123.17
-41.54 124.12
-39.60 124.67
1001 3
-34.23 -131.03
-31.13 -131.30
-27.25 -133.47
-24.63 -136.17
1001 1
-41.08 -145.08
-42.33 -145.67
-44.25 -144.75
-45.23 -141.73
-45.07 -136.97
-42.67 -132.42
-38.51 -131.20
-34.27 -131.03
1001 3
56.83 140.82
60.20 139.37
62.00 137.83
62.57 134.17
61.77 131.37
60.27 130.23
58.02 130.28
57.07 131.07
1001 3
-39.58 -73.92
-34.33 -75.42
-30.75 -79.00
-27.42 -84.08
-25.08 -92.00
1001 1
-56.75 -1.17
-53.76 -1.62
-50.17 -2.75
-45.50 -6.48
-40.92 -11.96
-38.83 -16.25
1001 1
48.23 -144.60
49.93 -142.65
52.00 -141.03
54.67 -140.07
56.99 -139.75
58.12 -140.56
59.00 -141.90
1001 1
42.60 -53.87
44.90 -52.21
47.15 -51.53
48.50 -51.75
49.53 -52.43
1001 1
46.00 27.42
45.92 34.25
47.17 40.83
49.85 45.66
52.43 47.57
54.93 48.03
1001 1
-72.17 -158.83
-68.91 -155.57
-63.83 -155.58
-58.62 -159.49
-53.58 -167.14
-51.29 -171.86
-49.50 -177.75
1001 1
-66.42 -170.08
-64.33 -169.92
-61.33 -171.25
-59.67 -176.08
-59.27 177.94
1001 1
-59.33 125.25
-56.27 124.89
-49.58 122.92
-46.17 121.00
1001 1
-63.42 -13.00
-65.08 -13.50
-66.67 -11.10
-65.90 -5.47
-63.27 -2.73
-59.90 -1.25
-56.67 -1.08
1001 3
-35.17 -161.08
-33.07 -161.78
-30.74 -163.41
-28.36 -166.63
-26.42 -171.50
1001 1
-38.02 -174.45
-39.10 -174.87
-40.02 -173.37
-40.33 -168.67
-39.50 -164.17
-37.21 -161.11
-35.15 -161.08
1001 3
-75.37 175.10
-76.44 176.87
-77.07 -179.60
-77.07 -173.97
-75.70 -166.40
-72.17 -158.82
1001 3
-56.00 29.50
-57.42 28.50
-59.83 29.17
-61.42 33.83
-60.76 39.24
-59.17 42.17
-55.75 43.58
1001 3
57.10 150.53
57.96 146.94
57.99 142.86
56.77 140.87
1001 2
-70.83 -78.53
-72.00 -76.80
-72.16 -73.67
-71.65 -71.87
-69.97 -70.23
-66.73 -69.03
-63.08 -68.33
1001 3
