38.58 129.00
41.95 136.78
47.77 146.03
55.08 153.67
1001 1
57.17 170.58
58.79 165.61
57.43 157.92
55.08 153.58
1001 2
50.00 -23.23
51.13 -22.86
52.57 -23.35
53.12 -25.86
52.53 -27.90
51.00 -28.93
1001 3
43.30 -39.13
43.94 -34.66
45.17 -30.21
47.89 -25.22
50.03 -23.17
1001 1
54.83 29.73
57.05 30.17
60.09 30.09
62.20 27.43
61.93 23.53
59.87 22.10
1001 3
47.08 18.58
47.87 22.84
49.96 27.51
52.53 29.27
54.93 29.87
1001 1
-66.58 -54.17
-67.67 -51.75
-67.72 -47.18
-65.90 -45.25
-64.27 -45.16
-62.83 -45.50
1001 3
-63.00 -45.33
-59.66 -47.18
-55.90 -52.73
-54.58 -58.92
1001 1
-49.27 -53.70
-51.06 -51.03
-52.46 -48.24
-53.87 -44.33
1001 2
-49.30 -53.70
-47.25 -56.08
-44.25 -60.42
-42.00 -64.58
1001 1
-76.57 -48.47
-77.26 -49.36
-77.93 -48.77
-78.07 -42.10
-76.91 -33.62
-74.40 -26.24
-71.67 -21.73
1001 3
-71.73 -21.90
-69.80 -19.33
-67.37 -17.53
-64.94 -17.29
-63.42 -19.83
1001 1
-41.92 4.83
-36.08 1.00
-31.65 -2.86
-28.42 -7.61
-26.92 -11.33
1001 1
-41.83 4.92
-44.80 6.75
-48.50 11.25
1001 2
-62.83 24.67
-60.64 23.93
-56.75 21.04
-52.25 16.08
-48.50 11.08
1001 1
-64.75 3.50
-65.27 1.91
-65.97 1.66
-66.64 3.26
-66.95 6.21
-67.21 12.52
-66.67 17.98
-65.50 23.57
-64.25 24.59
-62.75 24.67
1001 3
-54.80 70.53
-49.54 69.96
-42.08 67.90
-38.07 62.67
-35.43 56.06
-32.83 48.17
1001 1
-54.70 70.57
-55.72 71.98
-56.30 74.89
-56.50 78.63
1001 2
-55.83 108.42
-52.86 107.73
-48.61 104.48
-44.01 98.36
-39.17 87.58
1001 1
-53.17 96.17
-54.83 95.92
-56.77 99.98
-57.45 104.24
-56.84 107.31
-55.75 108.33
1001 3
-55.83 108.33
-55.26 111.03
-52.97 115.72
-51.05 118.24
-49.50 119.67
1001 2
-42.58 132.17
-43.92 131.67
-45.69 132.03
-47.55 134.08
-48.24 138.03
-46.79 140.82
-44.33 142.92
1001 3
-44.42 142.83
-41.31 144.17
-34.65 145.37
-28.67 144.83
-25.38 142.24
-22.92 138.92
1001 1
-36.67 -143.50
-32.83 -145.92
-28.34 -149.89
-24.57 -156.67
-22.67 -162.75
1001 1
-36.58 -143.50
-36.83 -139.86
-36.67 -135.67
1001 2
-69.58 -140.58
-67.25 -137.75
-62.17 -135.42
-57.75 -136.25
-55.38 -138.44
-53.58 -141.75
1001 1
-69.58 -140.50
-70.58 -132.25
-70.88 -120.05
-70.67 -110.75
1001 2
-62.67 -146.33
-59.49 -150.47
-57.20 -156.52
-56.83 -160.25
1001 1
47.67 -84.83
48.27 -81.17
49.60 -78.12
51.97 -76.03
1001 1
