43.13 151.33
42.73 156.90
44.13 161.43
46.17 162.17
47.43 161.97
1001 1
46.70 169.17
48.00 166.53
48.07 163.93
47.40 161.97
1001 2
32.30 -77.87
34.77 -73.57
36.83 -71.00
39.11 -68.88
1001 1
41.02 -59.77
40.66 -63.05
39.97 -66.43
39.10 -68.86
1001 2
-44.80 -76.60
-39.44 -77.45
-32.92 -82.75
-29.17 -89.75
-26.50 -100.25
1001 1
-33.13 -133.48
-30.75 -133.92
-26.56 -136.10
-23.42 -138.67
1001 1
-39.50 -145.37
-40.73 -145.97
-42.60 -144.87
-43.23 -141.37
-42.58 -136.92
-40.67 -134.42
-37.92 -133.39
-33.13 -133.50
1001 3
-46.83 134.92
-43.69 138.09
-40.00 139.83
-34.92 139.75
-30.92 137.17
-28.00 133.92
1001 1
-41.08 133.58
-41.46 131.93
-42.37 130.33
-44.17 129.70
-46.26 130.57
-47.17 132.77
-46.83 134.93
1001 3
-54.25 114.92
-51.51 116.84
-47.17 115.92
-41.33 112.25
-38.42 108.42
1001 1
-51.67 56.33
-48.33 55.33
-43.50 52.33
-39.00 47.33
-34.98 42.32
-32.92 37.58
1001 1
-48.92 29.83
-46.15 28.28
-44.42 26.42
-41.58 21.17
-39.17 12.08
-38.92 4.33
1001 1
39.03 120.50
40.90 126.07
43.87 131.17
47.58 134.42
52.01 135.17
54.30 135.00
1001 1
54.29 134.99
56.77 134.37
58.05 132.32
57.83 128.70
56.50 124.50
54.97 122.87
53.93 123.03
1001 3
-47.83 -81.33
-49.77 -82.40
-51.73 -81.53
-51.93 -78.57
-50.17 -76.70
-44.77 -76.57
1001 3
-46.83 134.95
-47.67 136.00
-48.25 139.00
-48.03 142.73
1001 2
-36.25 -166.83
-33.42 -167.00
-31.00 -168.67
-28.42 -172.00
-27.00 -175.67
1001 1
-39.67 -178.00
-41.33 -178.33
-41.75 -176.25
-40.87 -173.13
-38.90 -168.67
-36.25 -166.82
1001 3
-51.50 56.25
-52.00 60.25
-52.25 66.08
-52.25 72.25
-51.33 78.33
1001 2
-35.03 -54.30
-33.52 -54.45
-29.43 -55.90
-27.58 -57.50
-26.42 -59.58
1001 1
-34.98 -54.27
-36.45 -52.63
-37.57 -49.45
-38.78 -44.27
1001 2
48.03 -148.77
50.22 -146.54
52.97 -144.40
55.60 -143.63
58.33 -144.80
59.80 -147.83
1001 1
56.23 145.10
56.43 140.47
55.43 137.13
54.30 135.00
1001 2
41.02 -59.79
42.57 -57.60
45.70 -57.13
47.06 -58.03
47.50 -59.00
1001 1
-71.67 -177.58
-68.45 -172.55
-63.62 -171.28
-56.75 -175.33
-50.80 176.44
-47.08 169.75
1001 1
-37.35 115.42
-34.36 115.34
-31.48 112.64
-29.42 107.00
1001 1
-37.33 115.38
-37.58 117.58
-36.33 119.75
-33.08 121.25
1001 2
-48.83 29.83
-49.75 31.75
-50.50 34.17
1001 2
-57.67 35.00
-56.37 35.80
-54.08 36.33
-51.58 35.58
-50.33 34.00
1001 1
-58.50 27.33
-59.25 26.42
-59.93 26.97
-60.27 29.65
-59.62 32.63
-57.63 35.02
1001 3
-56.82 -13.11
-51.83 -13.31
-46.25 -14.57
-42.09 -17.36
-39.92 -21.42
1001 1
-60.40 -20.77
-61.23 -21.53
-62.83 -21.20
-62.97 -18.80
-61.73 -15.67
-59.97 -13.80
-56.83 -13.08
1001 3
-67.08 -69.50
-63.12 -72.25
-57.75 -78.08
-53.50 -85.00
1001 1
-67.80 -83.63
-69.19 -83.83
-70.43 -82.13
-71.10 -78.50
-71.17 -72.00
-70.03 -69.30
-67.05 -69.53
1001 3
