35.07 158.30
35.83 163.58
37.42 167.25
40.20 170.40
42.83 171.37
1001 1
47.83 141.00
50.03 144.00
53.40 146.11
58.27 147.10
1001 1
58.27 147.10
61.67 146.33
64.67 143.17
65.97 137.30
65.70 131.33
64.08 129.08
62.75 129.67
1001 3
37.27 -65.27
38.47 -61.90
40.17 -58.93
41.79 -57.46
43.50 -56.50
1001 1
44.25 -50.08
44.10 -52.60
43.83 -54.87
43.47 -56.47
1001 2
-68.03 -55.23
-63.50 -55.33
-56.58 -59.17
-50.75 -64.17
-47.42 -68.67
1001 1
-37.67 -72.50
-32.85 -73.01
-29.58 -74.58
-25.67 -79.33
-24.17 -85.92
1001 1
-58.37 9.07
-54.20 8.00
-48.92 3.67
-43.18 -3.79
-37.29 -12.08
-35.17 -16.58
1001 1
-64.00 -5.92
-65.02 -6.61
-66.47 -4.57
-66.93 -0.33
-66.03 4.23
-64.17 7.73
-60.74 9.04
-58.37 9.07
1001 3
-42.58 -44.42
-39.75 -43.33
-36.75 -43.50
-34.25 -44.83
-31.58 -47.92
1001 1
-37.92 -50.83
-39.22 -51.75
-41.17 -50.92
-43.03 -49.47
-43.75 -46.92
-43.31 -45.19
-42.50 -44.33
1001 3
-53.90 56.15
-52.08 55.74
-49.40 53.93
-45.00 48.42
-41.17 39.67
-38.33 31.58
-35.83 21.17
1001 1
-58.67 42.42
-59.67 41.58
-60.68 43.47
-61.31 46.14
-61.08 51.58
-59.42 55.25
-56.58 56.17
-53.88 56.15
1001 3
-54.47 87.10
-47.23 81.03
-42.25 74.33
-38.75 66.83
-36.50 59.67
1001 1
-54.46 87.10
-53.50 92.00
-51.67 97.25
-48.92 100.92
1001 2
-53.50 76.83
-54.91 77.58
-55.68 79.55
-55.98 82.77
-55.47 85.92
-54.47 87.10
1001 3
-41.50 131.67
-39.17 132.42
-35.08 132.83
-31.08 131.33
-27.67 125.83
-25.92 118.17
1001 1
-42.90 125.68
-43.77 125.29
-44.50 125.75
-44.67 128.08
-44.13 129.63
-41.50 131.67
1001 3
-34.25 -157.58
-30.67 -158.25
-27.17 -161.08
-25.58 -167.33
1001 1
42.83 171.38
43.93 171.30
45.33 170.20
45.55 167.45
44.53 165.60
42.87 164.63
41.57 164.67
1001 3
43.75 35.08
43.81 39.27
44.42 43.92
45.87 48.80
48.60 52.73
51.43 53.80
1001 1
51.38 53.82
53.03 53.78
54.43 52.55
54.85 50.27
54.73 47.53
54.17 45.49
53.40 44.33
52.57 44.63
1001 3
44.25 -50.08
45.17 -47.25
47.33 -43.92
50.51 -41.87
52.93 -42.03
1001 1
45.17 -1.67
47.14 5.42
49.57 10.00
51.77 11.47
53.83 11.57
1001 1
38.37 127.13
40.00 131.43
42.80 135.00
44.57 136.18
1001 1
47.82 141.03
47.08 139.07
45.79 137.14
44.57 136.17
1001 2
-70.25 -157.25
-67.58 -154.08
-63.00 -154.92
-59.25 -161.08
1001 1
-72.83 -142.08
-69.70 -139.81
-63.42 -143.93
-57.14 -150.53
-51.92 -159.33
-49.58 -166.08
1001 1
-76.43 -178.17
-77.09 -178.17
-77.67 -175.13
-77.90 -168.53
-76.83 -156.00
-74.85 -147.10
-72.82 -141.97
1001 3
57.77 155.73
58.19 153.50
58.39 150.45
58.33 147.10
1001 2
58.25 167.17
59.21 172.32
60.69 177.07
63.52 -178.19
65.97 -175.23
1001 1
